344
2 2
-1 1 1
0 1 0
4 0
1 1 1
2 2 0 2
1 2 1 3
3 1 2
50 2
4 3 1 2 3
1 1 0
1 1 0
4 2 0 4
4 3 3 5 47
4 2 4 6
4 3 5 7 8
1 1 6
1 2 6 9
4 3 8 10 16
4 3 9 11 12
4 1 10
4 2 10 13
4 2 12 14
4 2 13 15
4 1 14
4 3 9 17 35
4 2 16 18
4 3 17 19 20
4 1 18
4 2 18 21
4 3 20 22 23
1 1 21
4 2 21 24
4 2 23 25
4 2 24 26
4 2 25 27
4 3 26 28 29
1 1 27
4 2 27 30
4 3 29 31 32
1 1 30
4 3 30 33 34
4 1 32
2 1 32
1 2 16 36
4 3 35 37 38
1 1 36
4 2 36 39
4 3 38 40 44
4 2 39 41
4 3 40 42 43
1 1 41
1 1 41
4 3 39 45 46
1 1 44
1 1 44
4 3 4 48 49
1 1 47
1 1 47
20 0
4 3 1 7 18
4 3 0 2 3
1 1 1
4 2 1 4
4 3 3 5 6
1 1 4
4 2 4 7
4 3 0 6 8
4 3 7 9 10
1 1 8
4 3 8 11 17
4 2 10 12
4 3 11 13 14
4 1 12
4 2 12 15
4 3 14 16 17
1 1 15
4 3 10 15 18
4 3 0 17 19
1 1 18
16 2
4 3 1 5 14
4 2 0 2
4 2 1 3
4 2 2 4
4 2 3 5
4 3 0 4 6
4 3 5 7 8
1 1 6
4 3 6 9 13
4 2 8 10
4 2 9 11
4 2 10 12
4 2 11 13
4 3 8 12 14
4 3 0 13 15
1 1 14
5 0
4 2 1 2
5 1 0
4 3 0 3 4
1 1 2
1 1 2
64 2
1 1 1
4 3 0 2 53
4 3 1 3 45
2 2 2 4
2 2 3 5
4 3 4 6 10
4 2 5 7
4 2 6 8
4 3 7 9 13
4 2 8 10
4 3 5 9 11
1 2 10 12
4 1 11
4 3 8 14 44
4 2 13 15
4 2 14 16
4 3 15 17 41
2 2 16 18
2 2 17 19
4 3 18 20 30
4 3 19 21 22
1 1 20
4 3 20 23 28
4 3 22 24 25
2 1 23
4 2 23 26
4 3 25 27 36
4 2 26 28
4 3 22 27 29
4 2 28 30
4 3 19 29 31
6 4 30 32 33 34
1 1 31
1 1 31
1 2 31 35
3 1 34
6 4 26 37 38 39
1 1 36
1 1 36
1 2 36 40
3 1 39
4 3 16 42 44
1 2 41 43
4 1 42
4 2 13 41
4 3 2 46 59
4 2 45 47
4 3 46 48 53
4 2 47 49
4 3 48 50 54
4 2 49 51
4 3 50 52 53
2 1 51
4 3 1 47 51
6 4 49 55 56 57
1 1 54
1 1 54
1 2 54 58
3 1 57
6 4 45 60 61 62
1 1 59
1 1 59
1 2 59 63
3 1 62
11 0
4 2 1 6
4 2 0 2
4 3 1 3 4
1 1 2
4 2 2 5
4 2 4 6
4 3 0 5 7
2 2 6 8
4 3 7 9 10
1 1 8
4 1 8
19 0
6 4 1 2 3 10
1 1 0
1 1 0
2 3 0 4 7
4 2 3 5
4 2 4 6
4 1 5
4 2 3 8
4 2 7 9
4 1 8
4 3 0 11 15
4 2 10 12
4 2 11 13
4 3 12 14 16
4 2 13 15
4 2 10 14
4 3 13 17 18
1 1 16
1 1 16
16 2
2 2 1 8
2 2 0 2
4 3 1 3 7
4 2 2 4
4 2 3 5
4 2 4 6
4 2 5 7
4 2 2 6
4 3 0 9 14
4 2 8 10
4 2 9 11
4 3 10 12 13
2 1 11
2 2 11 14
4 3 8 13 15
2 1 14
18 2
4 3 1 7 9
4 2 0 2
4 3 1 3 4
7 1 2
4 2 2 5
4 3 4 6 7
7 1 5
4 3 0 5 8
7 1 7
4 3 0 10 16
4 2 9 11
4 3 10 12 13
7 1 11
4 2 11 14
4 3 13 15 16
7 1 14
4 3 9 14 17
7 1 16
11 0
4 3 1 2 3
4 1 0
4 1 0
4 3 0 4 9
4 2 3 5
4 2 4 6
4 3 5 7 8
4 1 6
4 2 6 9
4 3 3 8 10
1 1 9
8 2
5 1 1
4 2 0 2
4 3 1 3 7
4 2 2 4
4 2 3 5
4 2 4 6
2 2 5 7
4 2 2 6
22 0
4 3 1 2 8
4 1 0
4 3 0 3 4
5 1 2
4 3 2 5 6
1 1 4
1 2 4 7
4 3 6 8 12
4 3 0 7 9
4 2 8 10
4 2 9 11
4 3 10 12 13
4 2 7 11
1 2 11 14
0 4 13 15 16 19
6 1 14
1 2 14 17
4 2 16 18
4 1 17
1 2 14 20
4 2 19 21
4 1 20
16 2
4 2 1 2
4 1 0
2 3 0 3 15
4 3 2 4 8
4 2 3 5
4 2 4 6
4 2 5 7
4 2 6 8
4 3 3 7 9
4 3 8 10 15
4 2 9 11
4 3 10 12 13
2 1 11
4 2 11 14
4 2 13 15
4 3 2 9 14
11 2
4 2 1 6
4 2 0 2
4 3 1 3 4
2 1 2
4 2 2 5
4 3 4 6 8
4 3 0 5 7
1 1 6
2 3 5 9 10
1 1 8
1 1 8
21 0
1 1 1
4 3 0 2 7
4 2 1 3
4 2 2 4
4 3 3 5 6
5 1 4
4 2 4 7
4 3 1 6 8
4 3 7 9 10
1 1 8
2 2 8 11
4 3 10 12 16
4 2 11 13
4 2 12 14
4 3 13 15 18
4 2 14 16
4 3 11 15 17
5 1 16
2 3 14 19 20
1 1 18
1 1 18
14 2
2 2 1 8
2 2 0 2
4 3 1 3 7
4 2 2 4
4 2 3 5
4 2 4 6
4 2 5 7
4 2 2 6
4 3 0 9 13
4 2 8 10
4 2 9 11
4 2 10 12
4 2 11 13
4 2 8 12
14 2
0 4 1 2 6 10
1 1 0
1 2 0 3
4 2 2 4
4 2 3 5
5 1 4
1 2 0 7
4 2 6 8
4 2 7 9
5 1 8
1 2 0 11
4 2 10 12
4 2 11 13
5 1 12
20 0
4 4 1 2 9 16
1 1 0
4 3 0 3 8
4 2 2 4
4 2 3 5
4 3 4 6 7
5 1 5
4 2 5 8
4 2 2 7
4 3 0 10 15
4 2 9 11
4 2 10 12
4 3 11 13 14
5 1 12
4 2 12 15
4 2 9 14
4 4 0 17 18 19
5 1 16
5 1 16
5 1 16
16 2
4 3 1 6 8
4 2 0 2
4 2 1 3
4 3 2 4 5
2 1 3
4 3 3 6 7
4 2 0 5
4 1 5
4 3 0 9 15
4 2 8 10
4 2 9 11
4 3 10 12 13
2 1 11
4 3 11 14 15
4 1 13
4 2 8 13
13 2
1 2 1 2
4 1 0
4 3 0 3 10
4 2 2 4
4 3 3 5 8
4 2 4 6
4 2 5 7
4 1 6
4 2 4 9
4 2 8 10
4 3 2 9 11
1 2 10 12
4 1 11
7 0
4 2 1 2
1 1 0
4 2 0 3
4 2 2 4
4 2 3 5
4 2 4 6
1 1 5
10 0
4 1 1
4 3 0 2 3
2 1 1
4 2 1 4
4 3 3 5 9
4 2 4 6
4 2 5 7
4 2 6 8
4 2 7 9
4 2 4 8
6 2
4 2 1 4
4 2 0 2
2 2 1 3
4 3 2 4 5
2 2 0 3
6 1 3
4 0
3 1 1
2 2 0 2
2 2 1 3
2 1 2
19 2
1 1 1
4 3 0 2 18
4 3 1 3 7
4 2 2 4
4 2 3 5
4 2 4 6
4 2 5 7
4 3 2 6 8
4 3 7 9 10
1 1 8
4 3 8 11 18
4 3 10 12 13
7 1 11
4 2 11 14
4 3 13 15 16
7 1 14
4 3 14 17 18
2 1 16
4 3 1 10 16
6 2
4 3 1 2 4
5 1 0
4 2 0 3
5 1 2
4 2 0 5
5 1 4
13 2
4 4 1 4 7 10
2 3 0 2 3
1 1 1
1 1 1
2 3 0 5 6
1 1 4
1 1 4
2 3 0 8 9
1 1 7
1 1 7
2 3 0 11 12
1 1 10
1 1 10
7 2
4 2 1 4
4 2 0 2
4 2 1 3
4 3 2 4 5
1 2 0 3
4 2 3 6
1 1 5
19 0
5 1 1
4 3 0 2 14
4 3 1 3 4
5 1 2
4 4 2 5 6 16
5 1 4
4 3 4 7 13
4 3 6 8 12
4 2 7 9
4 3 8 10 13
4 3 9 11 12
1 2 10 12
4 3 7 10 11
4 3 6 9 14
4 4 1 13 15 16
5 1 14
4 4 4 14 17 18
5 1 16
5 1 16
8 0
4 2 1 5
4 2 0 2
4 2 1 3
4 2 2 4
4 2 3 5
4 3 0 4 6
4 2 5 7
1 1 6
10 0
4 2 1 5
4 2 0 2
4 2 1 3
4 2 2 4
4 3 3 5 6
4 2 0 4
4 3 4 7 8
1 1 6
4 2 6 9
5 1 8
13 0
4 2 1 6
4 3 0 2 4
4 2 1 3
2 1 2
4 2 1 5
2 1 4
4 3 0 7 11
4 2 6 8
4 2 7 9
4 2 8 10
4 2 9 11
4 3 6 10 12
5 1 11
5 2
4 2 1 2
1 1 0
4 3 0 3 4
4 2 2 4
1 2 2 3
18 2
4 3 1 6 9
4 2 0 2
4 2 1 3
4 3 2 4 5
2 1 3
4 3 3 6 7
4 2 0 5
1 2 5 8
4 1 7
4 3 0 10 17
4 2 9 11
4 2 10 12
4 3 11 13 14
2 1 12
4 3 12 15 17
1 2 14 16
4 1 15
4 2 9 14
7 0
4 2 1 5
4 2 0 2
4 3 1 3 4
1 1 2
1 2 2 5
4 3 0 4 6
1 1 5
7 0
4 2 1 5
4 2 0 2
4 2 1 3
4 2 2 4
4 2 3 5
4 3 0 4 6
4 1 5
9 0
4 2 1 8
4 2 0 2
4 2 1 3
4 3 2 4 7
4 2 3 5
4 2 4 6
1 2 5 7
4 3 3 6 8
4 2 0 7
9 2
4 2 1 5
4 2 0 2
4 2 1 3
4 2 2 4
4 2 3 5
4 3 0 4 6
2 3 5 7 8
4 1 6
4 1 6
3 2
4 1 1
4 2 0 2
7 1 1
10 2
4 3 1 2 6
1 2 0 2
4 3 0 1 3
4 2 2 4
4 2 3 5
4 3 4 6 7
4 2 0 5
4 3 5 8 9
4 2 7 9
1 2 7 8
8 2
4 4 1 2 3 4
5 1 0
5 1 0
5 1 0
4 4 0 5 6 7
5 1 4
5 1 4
5 1 4
17 2
4 2 1 2
4 1 0
2 3 0 3 16
4 2 2 4
4 3 3 5 8
4 3 4 6 7
1 1 5
1 1 5
4 3 4 9 10
1 1 8
4 3 8 11 16
4 2 10 12
4 2 11 13
4 3 12 14 15
4 1 13
2 2 13 16
4 3 2 10 15
8 2
4 2 1 6
4 2 0 2
4 3 1 3 4
1 1 2
4 2 2 5
4 2 4 6
4 3 0 5 7
1 1 6
5 2
4 1 1
4 3 0 2 3
5 1 1
4 2 1 4
4 1 3
8 2
4 2 1 2
4 1 0
4 3 0 3 7
4 2 2 4
4 2 3 5
4 2 4 6
4 2 5 7
4 2 2 6
24 2
4 4 1 5 10 17
1 2 0 2
4 3 1 3 4
1 1 2
4 3 2 5 9
4 3 0 4 6
4 2 5 7
4 2 6 8
4 2 7 9
4 2 4 8
4 3 0 11 16
4 2 10 12
4 2 11 13
4 3 12 14 15
1 1 13
4 2 13 16
4 2 10 15
4 3 0 18 23
4 2 17 19
4 2 18 20
4 3 19 21 22
1 1 20
4 2 20 23
4 2 17 22
13 0
4 3 1 2 7
4 1 0
4 2 0 3
4 3 2 4 5
4 1 3
4 2 3 6
4 3 5 7 8
4 2 0 6
6 4 6 9 10 11
1 1 8
1 1 8
1 2 8 12
3 1 11
9 2
4 3 1 2 3
4 1 0
1 1 0
4 3 0 4 8
4 2 3 5
4 2 4 6
4 2 5 7
4 2 6 8
4 2 3 7
21 2
4 2 1 5
4 2 0 2
4 2 1 3
4 2 2 4
4 3 3 5 9
4 3 0 4 6
4 2 5 7
4 2 6 8
4 3 7 9 10
2 2 4 8
4 3 8 11 19
4 3 10 12 13
1 1 11
4 3 11 14 18
4 2 13 15
4 2 14 16
4 2 15 17
4 2 16 18
4 3 13 17 19
4 3 10 18 20
1 1 19
4 0
4 1 1
2 3 0 2 3
1 1 1
1 1 1
8 2
4 2 1 6
4 2 0 2
4 3 1 3 4
5 1 2
4 2 2 5
4 2 4 6
4 3 0 5 7
2 1 6
4 2
4 3 1 2 3
7 1 0
7 1 0
7 1 0
9 0
4 3 1 2 7
5 1 0
4 2 0 3
4 3 2 4 5
5 1 3
4 2 3 6
4 2 5 7
4 3 0 6 8
1 1 7
7 0
4 3 1 2 4
1 1 0
4 2 0 3
4 1 2
2 2 0 5
4 2 4 6
1 1 5
23 2
4 2 1 12
4 2 0 2
4 2 1 3
4 3 2 4 11
4 3 3 5 6
1 1 4
1 2 4 7
4 2 6 8
4 2 7 9
4 2 8 10
4 1 9
4 3 3 12 13
4 2 0 11
4 3 11 14 15
1 1 13
1 2 13 16
4 2 15 17
4 3 16 18 22
4 2 17 19
4 2 18 20
4 2 19 21
4 2 20 22
4 2 17 21
12 0
4 3 1 2 7
4 1 0
1 2 0 3
4 3 2 4 5
4 1 3
1 2 3 6
4 3 5 7 8
4 2 0 6
1 2 6 9
4 3 8 10 11
4 1 9
1 1 9
28 2
6 4 1 2 3 10
1 1 0
1 1 0
2 2 0 4
4 3 3 5 9
4 2 4 6
4 2 5 7
4 2 6 8
4 2 7 9
2 2 4 8
4 3 0 11 15
4 2 10 12
4 2 11 13
4 3 12 14 16
4 2 13 15
4 2 10 14
2 2 13 17
2 2 16 18
4 3 17 19 24
4 2 18 20
4 2 19 21
4 3 20 22 23
1 1 21
4 3 21 24 25
4 2 18 23
4 3 23 26 27
1 1 25
1 1 25
17 0
1 1 1
6 4 0 2 3 12
1 1 1
2 2 1 4
4 2 3 5
2 2 4 6
4 3 5 7 12
4 2 6 8
4 3 7 9 10
5 1 8
4 3 8 11 13
4 2 10 12
4 3 1 6 11
6 4 10 14 15 16
2 1 13
1 1 13
1 1 13
12 0
4 4 1 2 3 4
4 1 0
4 1 0
4 1 0
4 3 0 5 10
4 2 4 6
4 3 5 7 8
1 1 6
4 2 6 9
4 2 8 10
4 3 4 9 11
1 1 10
16 2
1 2 1 2
4 1 0
4 3 0 3 15
4 3 2 4 7
1 2 3 5
4 2 4 6
4 2 5 7
4 3 3 6 8
4 2 7 9
4 3 8 10 15
4 2 9 11
4 2 10 12
4 3 11 13 14
1 1 12
1 2 12 15
4 3 2 9 14
28 2
5 1 1
4 3 0 2 27
4 2 1 3
4 3 2 4 18
4 3 3 5 6
1 1 4
2 2 4 7
4 3 6 8 15
4 2 7 9
4 3 8 10 14
4 2 9 11
4 2 10 12
4 2 11 13
4 2 12 14
4 2 9 13
4 3 7 16 17
1 1 15
1 1 15
4 3 3 19 20
1 1 18
4 3 18 21 27
4 3 20 22 23
1 1 21
1 2 21 24
4 3 23 25 26
4 1 24
4 2 24 27
4 3 1 20 26
13 2
4 1 1
4 3 0 2 12
4 2 1 3
4 4 2 4 5 6
4 1 3
4 1 3
2 2 3 7
4 3 6 8 12
4 2 7 9
4 2 8 10
4 2 9 11
4 2 10 12
4 3 1 7 11
22 0
4 3 1 7 21
4 3 0 2 16
4 2 1 3
4 2 2 4
4 3 3 5 7
1 2 4 6
4 1 5
4 3 0 4 8
1 2 7 9
4 3 8 10 21
4 3 9 11 12
1 1 10
4 2 10 13
4 2 12 14
4 3 13 15 21
4 3 14 16 17
4 2 1 15
2 3 15 18 19
4 1 17
4 2 17 20
4 2 19 21
4 4 0 9 14 20
6 2
4 3 1 2 3
8 1 0
8 1 0
4 3 0 4 5
8 1 3
8 1 3
9 2
4 4 1 3 5 7
4 2 0 2
7 1 1
4 2 0 4
7 1 3
4 2 0 6
1 1 5
4 2 0 8
1 1 7
19 0
4 1 1
4 2 0 2
4 2 1 3
4 2 2 4
4 2 3 5
4 2 4 6
4 2 5 7
4 2 6 8
4 2 7 9
4 2 8 10
4 2 9 11
4 2 10 12
2 3 11 13 16
4 2 12 14
4 2 13 15
1 1 14
4 2 12 17
4 2 16 18
1 1 17
24 0
4 2 1 8
4 2 0 2
4 2 1 3
4 2 2 4
4 2 3 5
4 2 4 6
4 2 5 7
4 1 6
4 2 0 9
4 2 8 10
4 2 9 11
4 2 10 12
4 2 11 13
4 2 12 14
4 2 13 15
4 2 14 16
4 2 15 17
4 3 16 18 19
1 1 17
2 3 17 20 22
4 2 19 21
4 1 20
4 2 19 23
4 1 22
32 0
4 2 1 31
4 2 0 2
4 3 1 3 4
1 1 2
4 3 2 5 30
4 3 4 6 7
1 1 5
4 3 5 8 26
4 3 7 9 10
1 1 8
4 4 8 11 12 24
1 1 10
4 3 10 13 14
1 1 12
4 3 12 15 18
4 3 14 16 17
2 1 15
1 1 15
4 3 14 19 20
1 1 18
4 3 18 21 24
2 3 20 22 23
4 1 21
4 1 21
4 3 10 20 25
4 2 24 26
4 3 7 25 27
4 4 26 28 29 30
4 1 27
1 1 27
4 3 4 27 31
4 2 0 30
8 0
4 2 1 5
4 2 0 2
4 2 1 3
4 2 2 4
4 2 3 5
4 3 0 4 6
4 2 5 7
1 1 6
11 2
0 4 1 2 4 6
1 1 0
1 2 0 3
4 1 2
1 2 0 5
4 1 4
1 2 0 7
4 2 6 8
4 3 7 9 10
5 1 8
5 1 8
17 2
2 2 1 10
4 2 0 2
4 3 1 3 6
4 2 2 4
4 2 3 5
4 3 4 6 7
1 2 2 5
2 3 5 8 9
1 1 7
1 1 7
2 3 0 11 15
4 2 10 12
4 3 11 13 14
1 1 12
2 2 12 15
4 3 10 14 16
1 1 15
8 0
4 1 1
4 2 0 2
4 2 1 3
4 2 2 4
1 2 3 5
4 2 4 6
4 2 5 7
1 1 6
12 2
4 3 1 2 10
5 1 0
4 3 0 3 4
1 1 2
4 3 2 5 6
5 1 4
4 3 4 7 8
5 1 6
4 3 6 9 10
5 1 8
4 3 0 8 11
5 1 10
7 2
4 2 1 2
1 1 0
4 3 0 3 6
4 2 2 4
4 2 3 5
4 2 4 6
1 2 2 5
4 2
4 1 1
4 3 0 2 3
4 1 1
4 1 1
15 0
4 3 1 2 3
1 1 0
1 1 0
4 4 0 4 5 6
4 1 3
2 1 3
4 2 3 7
4 3 6 8 14
4 2 7 9
4 2 8 10
4 3 9 11 12
1 1 10
4 3 10 13 14
1 1 12
4 2 7 12
5 2
4 1 1
4 3 0 2 3
4 1 1
4 2 1 4
4 1 3
10 2
4 3 1 2 6
4 1 0
4 2 0 3
4 2 2 4
4 3 3 5 7
4 2 4 6
4 2 0 5
4 3 4 8 9
4 1 7
4 1 7
19 0
4 3 1 8 15
4 3 0 2 7
4 2 1 3
4 2 2 4
4 3 3 5 6
5 1 4
4 2 4 7
4 2 1 6
4 3 0 9 14
4 2 8 10
4 2 9 11
4 3 10 12 13
5 1 11
4 2 11 14
4 2 8 13
4 4 0 16 17 18
5 1 15
5 1 15
5 1 15
18 0
5 1 1
4 3 0 2 3
5 1 1
4 3 1 4 11
4 3 3 5 10
4 2 4 6
4 2 5 7
4 3 6 8 9
5 1 7
4 2 7 10
4 2 4 9
4 3 3 12 17
4 2 11 13
4 2 12 14
4 3 13 15 16
5 1 14
4 2 14 17
4 2 11 16
6 2
4 2 1 5
4 2 0 2
2 2 1 3
4 2 2 4
4 2 3 5
4 2 0 4
17 0
2 2 1 7
4 3 0 2 6
4 2 1 3
4 2 2 4
4 2 3 5
4 2 4 6
4 2 1 5
4 3 0 8 16
4 2 7 9
4 2 8 10
4 3 9 11 15
4 2 10 12
4 2 11 13
4 2 12 14
4 2 13 15
4 3 10 14 16
4 2 7 15
10 2
6 1 1
4 3 0 2 9
2 2 1 3
4 3 2 4 8
4 2 3 5
4 2 4 6
4 2 5 7
4 2 6 8
4 3 3 7 9
6 2 1 8
31 0
4 2 1 5
4 2 0 2
4 2 1 3
4 2 2 4
4 3 3 5 6
4 2 0 4
2 2 4 7
4 3 6 8 25
4 2 7 9
4 2 8 10
4 3 9 11 24
2 2 10 12
4 3 11 13 17
4 2 12 14
4 2 13 15
4 3 14 16 21
4 2 15 17
4 3 12 16 18
2 3 17 19 20
1 1 18
1 1 18
2 3 15 22 23
1 1 21
1 1 21
4 2 10 25
4 3 7 24 26
6 4 25 27 28 29
1 1 26
1 1 26
1 2 26 30
3 1 29
11 2
1 1 1
2 3 0 2 3
1 1 1
4 3 1 4 10
4 2 3 5
4 2 4 6
4 3 5 7 8
2 1 6
4 3 6 9 10
1 1 8
4 2 3 8
6 2
4 2 1 3
1 2 0 2
3 1 1
4 2 0 4
4 2 3 5
1 1 4
14 0
4 2 1 6
4 2 0 2
4 2 1 3
4 2 2 4
4 2 3 5
4 1 4
4 3 0 7 12
4 2 6 8
4 2 7 9
4 3 8 10 11
1 1 9
4 2 9 12
4 3 6 11 13
1 1 12
5 0
4 3 1 2 3
4 1 0
4 1 0
4 2 0 4
1 1 3
13 0
1 1 1
4 3 0 2 9
2 3 1 3 4
4 1 2
4 3 2 5 6
1 1 4
2 3 4 7 8
4 1 6
4 3 6 9 12
4 3 1 8 10
2 2 9 11
4 2 10 12
2 2 8 11
25 0
1 2 1 19
4 2 0 2
4 3 1 3 4
1 1 2
2 2 2 5
4 3 4 6 9
4 3 5 7 8
1 1 6
2 3 6 9 14
4 3 5 8 10
6 2 9 11
4 4 10 12 13 14
4 1 11
4 1 11
4 3 8 11 15
4 3 14 16 17
1 1 15
1 2 15 18
9 1 17
4 3 0 20 24
4 2 19 21
4 2 20 22
4 2 21 23
4 2 22 24
4 2 19 23
5 2
4 2 1 4
4 2 0 2
4 2 1 3
1 2 2 4
4 2 0 3
11 2
1 1 1
2 3 0 2 3
1 1 1
4 3 1 4 10
4 2 3 5
4 2 4 6
4 3 5 7 8
1 1 6
4 3 6 9 10
2 1 8
4 2 3 8
7 0
2 2 1 4
4 2 0 2
4 2 1 3
1 1 2
4 2 0 5
4 2 4 6
1 1 5
5 0
4 3 1 2 3
4 1 0
1 1 0
4 2 0 4
5 1 3
11 2
4 2 1 10
4 2 0 2
4 2 1 3
4 3 2 4 9
4 2 3 5
4 2 4 6
4 3 5 7 8
1 1 6
1 2 6 9
4 3 3 8 10
4 2 0 9
11 2
1 1 1
4 3 0 2 10
4 2 1 3
4 2 2 4
4 3 3 5 9
4 2 4 6
4 2 5 7
4 2 6 8
4 2 7 9
4 3 4 8 10
1 2 1 9
5 2
4 3 1 2 3
2 1 0
1 1 0
1 2 0 4
4 1 3
5 2
4 2 1 2
4 1 0
4 3 0 3 4
4 2 2 4
1 2 2 3
7 2
0 4 1 2 3 5
4 1 0
1 1 0
1 2 0 4
4 1 3
1 2 0 6
4 1 5
27 0
4 2 1 14
4 3 0 2 3
1 1 1
4 2 1 4
4 2 3 5
4 3 4 6 13
4 2 5 7
4 2 6 8
4 3 7 9 10
1 1 8
4 3 8 11 13
1 2 10 12
4 1 11
4 2 5 10
4 3 0 15 16
1 1 14
4 2 14 17
4 2 16 18
4 3 17 19 26
4 2 18 20
4 2 19 21
4 3 20 22 23
1 1 21
4 3 21 24 26
1 2 23 25
4 1 24
4 2 18 23
15 0
4 2 1 6
4 2 0 2
4 3 1 3 4
1 1 2
4 3 2 5 8
4 2 4 6
4 3 0 5 7
5 1 6
4 2 4 9
4 3 8 10 14
4 2 9 11
4 2 10 12
4 2 11 13
4 2 12 14
4 2 9 13
4 2
4 3 1 2 3
7 1 0
5 1 0
5 1 0
20 0
4 2 1 6
4 3 0 2 3
4 1 1
2 3 1 4 5
4 1 3
4 1 3
2 3 0 7 19
4 3 6 8 12
4 2 7 9
4 2 8 10
4 2 9 11
4 2 10 12
4 3 7 11 13
6 2 12 14
4 3 13 15 19
4 2 14 16
4 2 15 17
4 2 16 18
4 2 17 19
4 3 6 14 18
12 0
4 3 1 2 6
1 1 0
4 2 0 3
4 2 2 4
4 2 3 5
4 3 4 6 7
4 2 0 5
4 3 5 8 9
1 1 7
4 2 7 10
2 2 9 11
4 1 10
7 0
4 1 1
4 3 0 2 3
4 1 1
4 3 1 4 5
1 1 3
1 2 3 6
4 1 5
5 2
4 2 1 2
5 1 0
4 3 0 3 4
4 1 2
4 1 2
26 0
4 2 1 14
4 2 0 2
4 3 1 3 8
4 2 2 4
4 2 3 5
4 3 4 6 7
2 1 5
4 2 5 8
4 3 2 7 9
6 4 8 10 11 12
1 1 9
1 1 9
1 2 9 13
3 1 12
4 3 0 15 20
4 2 14 16
4 2 15 17
4 3 16 18 19
2 1 17
4 2 17 20
4 3 14 19 21
6 4 20 22 23 24
1 1 21
1 1 21
1 2 21 25
3 1 24
8 2
4 2 1 6
4 2 0 2
4 3 1 3 4
5 1 2
4 2 2 5
4 2 4 6
4 3 0 5 7
5 1 6
13 2
4 3 1 2 10
5 1 0
4 3 0 3 4
5 1 2
4 3 2 5 6
5 1 4
4 3 4 7 8
5 1 6
4 3 6 9 10
5 1 8
4 3 0 8 11
1 2 10 12
4 1 11
6 2
4 3 1 2 3
5 1 0
5 1 0
4 3 0 4 5
5 1 3
5 1 3
5 0
5 1 1
4 2 0 2
4 2 1 3
4 2 2 4
4 1 3
11 2
1 2 1 2
4 1 0
4 3 0 3 7
4 2 2 4
4 2 3 5
4 2 4 6
4 2 5 7
4 3 2 6 8
2 3 7 9 10
1 1 8
1 1 8
22 2
4 4 1 2 9 16
5 1 0
4 4 0 3 4 18
5 1 2
4 4 2 5 6 7
5 1 4
5 1 4
4 4 4 8 9 20
5 1 7
4 4 0 7 10 11
5 1 9
4 4 9 12 13 20
5 1 11
4 4 11 14 15 16
5 1 13
5 1 13
4 4 0 13 17 18
5 1 16
4 4 2 16 19 20
5 1 18
4 4 7 11 18 21
5 1 20
23 2
1 2 1 12
4 3 0 2 10
4 3 1 3 4
7 1 2
4 3 2 5 6
7 1 4
4 3 4 7 8
7 1 6
4 3 6 9 10
7 1 8
4 3 1 8 11
7 1 10
4 3 0 13 21
4 3 12 14 15
7 1 13
4 3 13 16 17
7 1 15
4 3 15 18 19
7 1 17
4 3 17 20 21
7 1 19
4 3 12 19 22
7 1 21
12 0
4 2 1 5
4 2 0 2
4 2 1 3
4 2 2 4
4 2 3 5
4 3 0 4 6
4 3 5 7 8
1 1 6
4 3 6 9 10
4 1 8
2 2 8 11
4 1 10
17 2
4 2 1 2
5 1 0
4 2 0 3
4 3 2 4 5
5 1 3
4 2 3 6
4 3 5 7 8
5 1 6
4 2 6 9
4 2 8 10
4 3 9 11 12
5 1 10
4 2 10 13
4 3 12 14 15
5 1 13
4 2 13 16
4 1 15
30 0
4 1 1
4 3 0 2 3
5 1 1
4 3 1 4 5
5 1 3
4 2 3 6
4 2 5 7
4 2 6 8
4 3 7 9 10
5 1 8
4 2 8 11
4 2 10 12
4 2 11 13
4 3 12 14 15
5 1 13
4 2 13 16
4 2 15 17
4 2 16 18
4 3 17 19 20
5 1 18
4 2 18 21
4 2 20 22
4 2 21 23
4 3 22 24 25
5 1 23
4 2 23 26
4 2 25 27
4 2 26 28
4 2 27 29
5 1 28
22 0
4 1 1
2 3 0 2 18
4 3 1 3 21
4 2 2 4
4 3 3 5 17
1 2 4 6
4 3 5 7 8
1 1 6
4 3 6 9 11
4 2 8 10
1 1 9
4 3 8 12 16
4 2 11 13
4 2 12 14
4 2 13 15
4 2 14 16
4 2 11 15
4 2 4 18
4 3 1 17 19
4 3 18 20 21
1 2 19 21
4 3 2 19 20
3 2
4 2 1 2
5 1 0
5 1 0
12 0
4 2 1 5
4 2 0 2
4 3 1 3 9
4 2 2 4
4 2 3 5
4 3 0 4 6
4 3 5 7 8
1 1 6
1 1 6
2 3 2 10 11
1 1 9
1 1 9
19 2
5 1 1
4 4 0 2 12 16
4 3 1 3 4
5 1 2
4 3 2 5 6
5 1 4
4 4 4 7 8 16
5 1 6
4 3 6 9 12
4 3 8 10 11
1 1 9
1 1 9
4 3 1 8 13
4 3 12 14 15
1 1 13
1 1 13
4 4 1 6 17 18
5 1 16
5 1 16
7 2
4 3 1 2 3
4 1 0
4 1 0
4 2 0 4
1 2 3 5
2 2 4 6
1 1 5
23 0
4 1 1
4 3 0 2 22
4 2 1 3
4 3 2 4 20
4 3 3 5 15
4 3 4 6 7
1 1 5
4 2 5 8
4 3 7 9 14
4 2 8 10
4 2 9 11
4 2 10 12
4 2 11 13
4 1 12
4 2 8 15
4 3 4 14 16
1 2 15 17
4 4 16 18 19 20
4 1 17
4 1 17
4 3 3 17 21
4 2 20 22
4 2 1 21
5 2
4 3 1 2 3
4 1 0
4 1 0
4 2 0 4
5 1 3
64 2
4 3 1 6 10
4 3 0 2 3
2 1 1
4 2 1 4
4 3 3 5 59
4 2 4 6
4 3 0 5 7
4 2 6 8
4 3 7 9 54
4 3 8 10 21
4 3 0 9 11
1 2 10 12
10 2 11 13
1 2 12 14
4 3 13 15 19
4 2 14 16
4 3 15 17 22
4 2 16 18
4 2 17 19
4 3 14 18 20
2 2 19 21
2 2 9 20
4 3 16 23 34
4 2 22 24
4 2 23 25
4 3 24 26 33
2 2 25 27
2 2 26 28
4 3 27 29 43
4 3 28 30 35
1 2 29 31
10 2 30 32
1 2 31 33
4 3 25 32 34
4 2 22 33
4 3 29 36 41
4 3 35 37 38
2 1 36
4 2 36 39
4 3 38 40 49
4 2 39 41
4 3 35 40 42
4 2 41 43
4 3 28 42 44
6 4 43 45 46 47
1 1 44
1 1 44
1 2 44 48
3 1 47
6 4 39 50 51 52
1 1 49
1 1 49
1 2 49 53
3 1 52
6 4 8 55 56 57
1 1 54
1 1 54
1 2 54 58
3 1 57
6 4 4 60 61 62
1 1 59
1 1 59
1 2 59 63
3 1 62
11 0
4 1 1
4 3 0 2 3
1 1 1
1 2 1 4
4 2 3 5
4 3 4 6 10
4 2 5 7
4 2 6 8
4 2 7 9
4 2 8 10
4 2 5 9
26 0
1 1 1
0 4 0 2 10 18
1 2 1 3
4 3 2 4 8
4 2 3 5
4 2 4 6
4 2 5 7
4 2 6 8
4 3 3 7 9
4 1 8
1 2 1 11
4 3 10 12 16
4 2 11 13
4 2 12 14
4 2 13 15
4 2 14 16
4 3 11 15 17
4 1 16
1 2 1 19
4 3 18 20 24
4 2 19 21
4 2 20 22
4 2 21 23
4 2 22 24
4 3 19 23 25
4 1 24
25 0
4 4 1 2 3 4
4 1 0
4 1 0
4 1 0
4 3 0 5 23
4 2 4 6
4 3 5 7 20
6 2 6 8
4 3 7 9 14
4 2 8 10
4 3 9 11 16
4 3 10 12 13
1 1 11
4 2 11 14
4 3 8 13 15
4 1 14
4 4 10 17 18 19
4 1 16
4 1 16
4 1 16
4 3 6 21 22
4 1 20
4 2 20 23
4 3 4 22 24
1 1 23
5 2
1 1 1
4 4 0 2 3 4
4 1 1
4 1 1
4 1 1
11 0
5 1 1
4 4 0 2 3 9
5 1 1
4 3 1 4 5
5 1 3
4 3 3 6 7
5 1 5
4 3 5 8 9
5 1 7
4 3 1 7 10
5 1 9
30 0
4 4 1 2 3 8
4 1 0
4 1 0
4 2 0 4
4 4 3 5 6 7
4 1 4
4 1 4
4 1 4
4 3 0 9 29
4 2 8 10
4 2 9 11
4 3 10 12 28
1 2 11 13
4 2 12 14
4 2 13 15
1 2 14 16
4 2 15 17
4 2 16 18
2 4 17 19 20 21
4 1 18
4 1 18
4 2 18 22
4 3 21 23 27
4 2 22 24
4 2 23 25
4 2 24 26
4 2 25 27
4 2 22 26
4 2 11 29
4 2 8 28
17 0
4 3 1 5 11
4 3 0 2 3
1 1 1
1 2 1 4
4 1 3
4 3 0 6 10
4 2 5 7
4 2 6 8
4 2 7 9
4 2 8 10
4 2 5 9
4 3 0 12 16
4 2 11 13
4 2 12 14
4 2 13 15
4 2 14 16
2 2 11 15
13 2
2 3 1 2 3
4 1 0
4 1 0
4 3 0 4 5
6 1 3
6 2 3 6
11 2 5 7
6 2 6 8
4 3 7 9 10
6 1 8
2 3 8 11 12
4 1 10
4 1 10
23 0
4 2 1 21
4 3 0 2 3
1 1 1
4 2 1 4
4 3 3 5 20
4 2 4 6
4 2 5 7
4 2 6 8
4 2 7 9
4 2 8 10
4 3 9 11 12
1 1 10
4 2 10 13
4 2 12 14
4 2 13 15
4 3 14 16 17
4 1 15
1 2 15 18
4 3 17 19 20
1 1 18
4 3 4 18 21
4 3 0 20 22
1 1 21
12 0
4 3 1 2 6
1 1 0
4 3 0 3 4
1 1 2
4 2 2 5
1 1 4
4 3 0 7 8
1 1 6
4 3 6 9 10
1 1 8
4 2 8 11
1 1 10
13 0
4 3 1 5 6
4 2 0 2
4 2 1 3
4 2 2 4
4 2 3 5
4 2 0 4
4 3 0 7 11
4 2 6 8
4 2 7 9
4 2 8 10
4 2 9 11
4 3 6 10 12
2 1 11
6 2
4 1 1
4 2 0 2
4 2 1 3
2 2 2 4
4 2 3 5
6 1 4
10 2
4 2 1 5
4 2 0 2
4 2 1 3
4 2 2 4
4 3 3 5 6
4 2 0 4
2 3 4 7 8
1 1 6
2 2 6 9
1 1 8
15 2
4 2 1 8
4 3 0 2 7
4 2 1 3
4 2 2 4
4 3 3 5 6
2 1 4
4 2 4 7
4 2 1 6
4 3 0 9 14
4 2 8 10
4 2 9 11
4 3 10 12 13
2 1 11
4 2 11 14
4 2 8 13
16 0
4 2 1 5
4 2 0 2
4 3 1 3 9
4 2 2 4
4 2 3 5
4 3 0 4 6
2 3 5 7 8
4 1 6
4 1 6
2 2 2 10
2 2 9 11
6 4 10 12 13 14
1 1 11
1 1 11
1 2 11 15
3 1 14
7 0
1 1 1
6 4 0 2 3 6
1 1 1
4 2 1 4
4 2 3 5
4 2 4 6
4 2 1 5
16 0
6 1 1
0 4 0 2 4 6
1 2 1 3
4 1 2
1 2 1 5
4 1 4
1 2 1 7
4 3 6 8 15
4 2 7 9
4 2 8 10
4 3 9 11 13
6 2 10 12
4 1 11
4 3 10 14 15
4 1 13
4 2 7 13
16 0
2 2 1 9
4 3 0 2 8
2 2 1 3
4 3 2 4 5
5 1 3
2 2 3 6
4 3 5 7 8
5 1 6
2 2 1 6
4 3 0 10 14
4 2 9 11
4 2 10 12
4 2 11 13
4 2 12 14
4 3 9 13 15
5 1 14
10 2
1 2 1 2
4 1 0
4 3 0 3 9
4 2 2 4
4 2 3 5
4 3 4 6 7
2 1 5
4 3 5 8 9
4 1 7
4 2 2 7
9 2
2 1 1
4 3 0 2 8
2 2 1 3
4 3 2 4 5
2 1 3
2 2 3 6
4 3 5 7 8
2 1 6
2 2 1 6
11 0
4 2 1 7
4 2 0 2
4 2 1 3
4 3 2 4 5
4 1 3
4 3 3 6 7
2 1 5
4 3 0 5 8
2 3 7 9 10
1 1 8
1 1 8
12 0
4 3 1 2 7
1 1 0
4 3 0 3 4
1 1 2
4 3 2 5 6
1 1 4
1 2 4 7
4 3 0 6 8
4 3 7 9 10
1 1 8
4 2 8 11
1 1 10
13 0
4 2 1 9
4 2 0 2
4 2 1 3
4 3 2 4 7
4 3 3 5 6
1 1 4
1 1 4
4 3 3 8 9
2 1 7
4 3 0 7 10
2 3 9 11 12
1 1 10
1 1 10
15 0
1 1 1
2 3 0 2 3
1 1 1
4 3 1 4 13
4 3 3 5 6
5 1 4
4 3 4 7 8
5 1 6
4 3 6 9 11
1 2 8 10
4 1 9
4 3 8 12 13
5 1 11
4 3 3 11 14
5 1 13
28 2
4 2 1 16
4 2 0 2
4 2 1 3
4 3 2 4 15
4 3 3 5 6
1 1 4
1 2 4 7
4 2 6 8
4 3 7 9 11
4 2 8 10
4 1 9
4 2 8 12
4 2 11 13
4 2 12 14
4 1 13
4 3 3 16 17
4 2 0 15
4 3 15 18 19
1 1 17
1 2 17 20
4 2 19 21
4 3 20 22 24
4 2 21 23
4 1 22
4 2 21 25
4 2 24 26
4 2 25 27
4 1 26
12 2
2 3 1 3 5
4 2 0 2
4 1 1
4 2 0 4
4 1 3
4 3 0 6 7
6 1 5
6 2 5 8
4 2 7 9
4 3 8 10 11
4 1 9
5 1 9
14 0
4 3 1 2 6
2 1 0
4 2 0 3
4 3 2 4 10
4 2 3 5
4 2 4 6
4 3 0 5 7
1 2 6 8
4 2 7 9
4 1 8
2 2 3 11
4 3 10 12 13
4 1 11
1 1 11
9 0
4 2 1 7
4 2 0 2
4 3 1 3 4
2 1 2
4 2 2 5
4 3 4 6 7
5 1 5
4 3 0 5 8
2 1 7
14 2
4 2 1 9
4 2 0 2
4 2 1 3
4 2 2 4
4 2 3 5
4 2 4 6
4 2 5 7
4 2 6 8
2 1 7
4 2 0 10
4 2 9 11
4 3 10 12 13
1 1 11
1 1 11
4 0
4 3 1 2 3
12 1 0
12 1 0
12 1 0
18 2
1 1 1
4 3 0 2 17
4 3 1 3 7
4 2 2 4
4 2 3 5
4 2 4 6
4 2 5 7
4 3 2 6 8
4 3 7 9 10
1 1 8
4 3 8 11 17
4 2 10 12
4 2 11 13
4 3 12 14 15
4 1 13
4 3 13 16 17
2 1 15
4 3 1 10 15
10 0
2 1 1
4 3 0 2 8
4 3 1 3 4
5 1 2
4 2 2 5
4 3 4 6 7
2 1 5
4 2 5 8
4 3 1 7 9
5 1 8
4 2
4 2 1 2
7 1 0
4 2 0 3
7 1 2
15 2
1 1 1
2 3 0 2 3
1 1 1
4 3 1 4 13
4 2 3 5
4 2 4 6
4 3 5 7 14
4 2 6 8
4 2 7 9
4 3 8 10 14
4 2 9 11
4 2 10 12
4 2 11 13
4 3 3 12 14
4 3 6 9 13
8 0
1 1 1
4 3 0 2 7
4 2 1 3
4 2 2 4
4 2 3 5
4 2 4 6
4 2 5 7
2 2 1 6
29 0
4 2 1 5
4 2 0 2
4 2 1 3
4 2 2 4
4 3 3 5 6
4 2 0 4
2 2 4 7
2 2 6 8
4 3 7 9 18
4 3 8 10 11
1 1 9
4 2 9 12
4 2 11 13
4 3 12 14 18
4 2 13 15
4 3 14 16 24
4 2 15 17
4 3 16 18 19
4 3 8 13 17
6 4 17 20 21 22
1 1 19
1 1 19
1 2 19 23
3 1 22
6 4 15 25 26 27
1 1 24
1 1 24
1 2 24 28
3 1 27
12 0
1 1 1
2 3 0 2 3
1 1 1
4 3 1 4 11
4 2 3 5
4 2 4 6
4 3 5 7 10
2 2 6 8
4 2 7 9
2 2 8 10
4 3 6 9 11
4 2 3 10
26 0
1 2 1 9
4 2 0 2
4 3 1 3 5
4 2 2 4
4 1 3
4 2 2 6
4 2 5 7
4 2 6 8
4 1 7
4 3 0 10 11
1 1 9
4 2 9 12
4 2 11 13
4 2 12 14
4 2 13 15
4 3 14 16 17
1 1 15
1 2 15 18
4 2 17 19
4 3 18 20 22
4 2 19 21
4 1 20
4 2 19 23
4 2 22 24
4 2 23 25
4 1 24
16 0
4 3 1 6 15
4 2 0 2
4 3 1 3 4
5 1 2
4 2 2 5
4 2 4 6
4 3 0 5 7
1 2 6 8
4 3 7 9 14
4 2 8 10
4 3 9 11 12
5 1 10
4 2 10 13
4 2 12 14
4 3 8 13 15
1 2 0 14
19 2
2 2 1 8
2 2 0 2
4 3 1 3 7
4 2 2 4
4 2 3 5
4 2 4 6
4 2 5 7
4 2 2 6
4 3 0 9 18
4 3 8 10 11
1 1 9
4 2 9 12
4 2 11 13
4 3 12 14 18
4 2 13 15
4 2 14 16
4 2 15 17
4 2 16 18
4 3 8 13 17
23 2
2 2 1 12
2 2 0 2
4 3 1 3 8
4 2 2 4
4 2 3 5
4 3 4 6 7
4 1 5
4 2 5 8
4 3 2 7 9
2 3 8 10 11
1 1 9
1 1 9
4 3 0 13 22
4 3 12 14 15
1 1 13
4 2 13 16
4 2 15 17
4 3 16 18 22
4 2 17 19
4 2 18 20
4 2 19 21
4 2 20 22
4 3 12 17 21
22 0
4 2 1 13
4 3 0 2 3
4 1 1
6 3 1 4 5
1 1 3
4 2 3 6
4 2 5 7
4 2 6 8
4 2 7 9
4 2 8 10
4 2 9 11
4 2 10 12
4 1 11
4 3 0 14 21
4 2 13 15
4 2 14 16
4 3 15 17 20
1 2 16 18
4 2 17 19
1 2 18 20
4 3 16 19 21
4 2 13 20
6 0
1 1 1
4 3 0 2 5
4 2 1 3
4 2 2 4
4 2 3 5
1 2 1 4
24 0
4 2 1 14
4 2 0 2
1 2 1 3
4 3 2 4 13
6 2 3 5
0 4 4 6 7 10
6 1 5
1 2 5 8
4 2 7 9
4 1 8
1 2 5 11
4 2 10 12
4 1 11
4 3 3 14 15
1 2 0 13
6 2 13 16
0 4 15 17 18 21
6 1 16
1 2 16 19
4 2 18 20
4 1 19
1 2 16 22
4 2 21 23
4 1 22
4 0
4 3 1 2 3
4 1 0
5 1 0
5 1 0
22 2
4 3 1 7 12
4 3 0 2 3
1 1 1
4 2 1 4
4 3 3 5 6
1 1 4
4 2 4 7
4 3 0 6 8
1 2 7 9
4 3 8 10 14
4 3 9 11 12
1 1 10
4 3 0 10 13
1 1 12
4 3 9 15 21
4 2 14 16
4 2 15 17
4 3 16 18 19
1 1 17
4 3 17 20 21
1 1 19
4 2 14 19
9 0
4 2 1 7
4 2 0 2
4 3 1 3 4
2 1 2
4 2 2 5
4 3 4 6 7
4 1 5
4 3 0 5 8
2 1 7
8 0
4 2 1 6
4 2 0 2
4 2 1 3
4 3 2 4 5
1 1 3
4 2 3 6
4 3 0 5 7
1 1 6
24 0
4 2 1 12
1 2 0 2
4 2 1 3
4 2 2 4
1 2 3 5
4 2 4 6
4 2 5 7
1 2 6 8
4 2 7 9
4 2 8 10
4 2 9 11
4 1 10
4 3 0 13 20
4 2 12 14
4 3 13 15 18
1 2 14 16
4 2 15 17
1 2 16 18
4 3 14 17 19
4 2 18 20
4 3 12 19 21
4 2 20 22
4 2 21 23
4 1 22
5 2
4 2 1 4
4 2 0 2
4 2 1 3
4 2 2 4
1 2 0 3
14 0
4 2 1 5
4 2 0 2
4 3 1 3 10
4 2 2 4
4 2 3 5
4 3 0 4 6
4 3 5 7 8
1 1 6
1 2 6 9
4 1 8
4 3 2 11 12
1 1 10
1 2 10 13
4 1 12
56 2
4 1 1
4 3 0 2 6
4 2 1 3
4 2 2 4
4 3 3 5 7
4 2 4 6
4 2 1 5
6 4 4 8 9 10
1 1 7
1 1 7
1 2 7 11
4 3 10 12 16
4 2 11 13
4 2 12 14
4 3 13 15 17
4 2 14 16
4 2 11 15
2 2 14 18
2 2 17 19
4 3 18 20 24
4 2 19 21
4 2 20 22
4 3 21 23 26
4 2 22 24
4 3 19 23 25
4 1 24
4 3 22 27 55
4 2 26 28
4 2 27 29
4 3 28 30 53
2 2 29 31
2 2 30 32
4 3 31 33 42
4 3 32 34 35
1 1 33
4 2 33 36
4 2 35 37
4 3 36 38 42
4 2 37 39
4 3 38 40 48
4 2 39 41
4 3 40 42 43
4 3 32 37 41
6 4 41 44 45 46
1 1 43
1 1 43
1 2 43 47
3 1 46
6 4 39 49 50 51
1 1 48
1 1 48
1 2 48 52
3 1 51
4 3 29 54 55
4 1 53
4 2 26 53
14 0
4 3 1 5 13
4 2 0 2
4 2 1 3
4 2 2 4
4 2 3 5
4 3 0 4 6
1 2 5 7
4 3 6 8 12
4 2 7 9
4 2 8 10
4 2 9 11
4 2 10 12
4 3 7 11 13
1 2 0 12
33 0
4 3 1 27 28
4 2 0 2
4 2 1 3
4 3 2 4 22
2 2 3 5
2 2 4 6
4 3 5 7 15
4 2 6 8
4 3 7 9 17
4 3 8 10 14
4 2 9 11
4 2 10 12
4 2 11 13
4 2 12 14
4 3 9 13 15
4 3 6 14 16
1 1 15
6 4 8 18 19 20
1 1 17
1 1 17
1 2 17 21
3 1 20
4 3 3 23 27
4 2 22 24
4 2 23 25
4 2 24 26
4 2 25 27
4 3 0 22 26
6 4 0 29 30 31
1 1 28
1 1 28
1 2 28 32
3 1 31
9 0
4 2 1 7
4 2 0 2
4 3 1 3 4
2 1 2
4 2 2 5
4 3 4 6 7
2 1 5
4 3 0 5 8
1 1 7
6 2
4 3 1 2 4
7 1 0
4 2 0 3
7 1 2
4 2 0 5
1 1 4
12 2
4 2 1 8
4 3 0 2 3
2 1 1
4 3 1 4 6
1 2 3 5
4 1 4
4 2 3 7
4 2 6 8
4 3 0 7 9
2 3 8 10 11
1 1 9
1 1 9
20 2
4 2 1 5
4 2 0 2
4 3 1 3 10
4 2 2 4
4 2 3 5
4 3 0 4 6
2 2 5 7
4 3 6 8 9
4 1 7
1 1 7
2 2 2 11
2 2 10 12
4 3 11 13 18
4 2 12 14
4 3 13 15 16
4 1 14
4 2 14 17
4 2 16 18
4 3 12 17 19
1 1 18
22 2
4 3 1 8 11
4 2 0 2
4 2 1 3
4 3 2 4 7
2 2 3 5
4 2 4 6
1 1 5
4 3 3 8 9
4 2 0 7
1 2 7 10
4 1 9
4 3 0 12 21
4 2 11 13
4 2 12 14
4 3 13 15 18
2 2 14 16
4 2 15 17
1 1 16
4 3 14 19 21
1 2 18 20
4 1 19
4 2 11 18
12 0
4 2 1 8
4 2 0 2
4 3 1 3 6
4 2 2 4
4 2 3 5
4 1 4
4 2 2 7
4 3 6 8 10
4 3 0 7 9
1 1 8
1 2 7 11
4 1 10
7 0
4 3 1 2 4
6 1 0
2 2 0 3
4 1 2
2 3 0 5 6
4 1 4
4 1 4
51 2
4 2 1 9
4 2 0 2
4 3 1 3 7
4 2 2 4
4 2 3 5
4 2 4 6
4 2 5 7
4 3 2 6 8
4 3 7 9 11
4 3 0 8 10
1 1 9
2 2 8 12
2 2 11 13
4 3 12 14 20
4 2 13 15
4 3 14 16 17
4 1 15
4 3 15 18 19
5 1 17
4 2 17 20
4 3 13 19 21
6 4 20 22 23 24
1 1 21
1 1 21
1 2 21 25
13 2 24 26
1 2 25 27
6 4 26 28 29 30
1 1 27
1 1 27
4 3 27 31 37
4 2 30 32
4 3 31 33 34
5 1 32
4 3 32 35 36
4 1 34
4 2 34 37
4 3 30 36 38
2 2 37 39
2 2 38 40
4 3 39 41 50
4 3 40 42 43
1 1 41
4 2 41 44
4 2 43 45
4 3 44 46 50
4 2 45 47
4 2 46 48
4 2 47 49
4 2 48 50
4 3 40 45 49
9 0
4 3 1 2 7
2 1 0
4 2 0 3
4 2 2 4
4 2 3 5
4 3 4 6 7
2 1 5
4 3 0 5 8
4 1 7
7 0
4 2 1 5
4 2 0 2
4 2 1 3
4 2 2 4
4 3 3 5 6
4 2 0 4
1 1 4
18 2
4 3 1 7 17
4 2 0 2
4 3 1 3 4
5 1 2
4 3 2 5 6
5 1 4
4 2 4 7
4 3 0 6 8
1 2 7 9
4 3 8 10 16
4 2 9 11
4 3 10 12 13
5 1 11
4 3 11 14 15
5 1 13
4 2 13 16
4 3 9 15 17
1 2 0 16
29 0
2 2 1 18
2 2 0 2
4 3 1 3 12
4 3 2 4 5
1 1 3
4 2 3 6
4 2 5 7
4 3 6 8 12
4 2 7 9
4 3 8 10 13
4 2 9 11
4 2 10 12
4 3 2 7 11
6 4 9 14 15 16
1 1 13
1 1 13
1 2 13 17
3 1 16
4 3 0 19 23
4 2 18 20
4 2 19 21
4 3 20 22 24
4 2 21 23
4 2 18 22
6 4 21 25 26 27
1 1 24
1 1 24
1 2 24 28
3 1 27
15 2
1 2 1 8
4 3 0 2 7
4 2 1 3
4 2 2 4
4 3 3 5 6
2 1 4
4 2 4 7
4 2 1 6
4 3 0 9 14
4 2 8 10
4 2 9 11
4 3 10 12 13
2 1 11
4 2 11 14
4 2 8 13
16 0
4 2 1 5
4 2 0 2
4 2 1 3
4 2 2 4
4 3 3 5 6
4 2 0 4
4 3 4 7 8
1 1 6
4 3 6 9 10
1 1 8
4 3 8 11 15
4 2 10 12
4 2 11 13
4 2 12 14
4 2 13 15
4 2 10 14
17 2
1 1 1
4 3 0 2 4
1 2 1 3
3 1 2
4 2 1 5
4 3 4 6 7
7 1 5
4 3 5 8 9
1 1 7
4 3 7 10 16
4 2 9 11
4 2 10 12
4 3 11 13 15
1 2 12 14
4 1 13
4 2 12 16
4 2 9 15
6 2
4 3 1 2 4
7 1 0
4 2 0 3
7 1 2
4 2 0 5
5 1 4
15 0
4 2 1 5
4 2 0 2
4 2 1 3
4 2 2 4
4 3 3 5 6
4 2 0 4
4 2 4 7
4 2 6 8
2 2 7 9
4 3 8 10 11
2 1 9
2 2 9 12
4 3 11 13 14
2 1 12
2 1 12
18 0
4 3 1 2 13
5 1 0
4 3 0 3 4
5 1 2
4 4 2 5 6 15
5 1 4
4 3 4 7 12
4 2 6 8
4 3 7 9 10
5 1 8
4 3 8 11 12
5 1 10
4 3 6 10 13
4 4 0 12 14 15
5 1 13
4 4 4 13 16 17
5 1 15
5 1 15
17 0
5 1 1
4 4 0 2 13 14
4 3 1 3 4
5 1 2
4 3 2 5 6
5 1 4
4 4 4 7 8 14
5 1 6
4 3 6 9 13
4 2 8 10
4 2 9 11
4 3 10 12 13
5 1 11
4 3 1 8 11
4 4 1 6 15 16
5 1 14
5 1 14
5 0
4 2 1 2
5 1 0
4 3 0 3 4
5 1 2
5 1 2
12 0
6 1 1
0 4 0 2 4 6
1 2 1 3
4 1 2
1 2 1 5
4 1 4
6 2 1 7
4 2 6 8
4 3 7 9 10
1 1 8
2 2 8 11
4 1 10
4 2
5 1 1
4 3 0 2 3
5 1 1
5 1 1
21 2
4 4 1 2 8 15
5 1 0
4 4 0 3 4 17
5 1 2
4 3 2 5 6
1 1 4
4 4 4 7 8 19
5 1 6
4 4 0 6 9 10
5 1 8
4 4 8 11 12 19
5 1 10
4 4 10 13 14 15
5 1 12
5 1 12
4 4 0 12 16 17
5 1 15
4 4 2 15 18 19
5 1 17
4 4 6 10 17 20
5 1 19
17 0
6 4 1 2 3 10
1 1 0
1 1 0
4 3 0 4 9
4 2 3 5
4 2 4 6
4 3 5 7 8
5 1 6
4 2 6 9
4 2 3 8
4 3 0 11 16
4 2 10 12
4 2 11 13
4 3 12 14 15
5 1 13
4 2 13 16
4 2 10 15
10 0
4 2 1 6
4 2 0 2
4 2 1 3
4 2 2 4
4 3 3 5 6
2 1 4
4 3 0 4 7
4 3 6 8 9
1 1 7
1 1 7
21 0
4 3 1 9 17
4 3 0 2 8
4 2 1 3
4 2 2 4
4 3 3 5 7
1 2 4 6
4 1 5
4 2 4 8
4 2 1 7
4 3 0 10 16
4 2 9 11
4 2 10 12
4 3 11 13 15
1 2 12 14
4 1 13
4 2 12 16
4 2 9 15
4 4 0 18 19 20
5 1 17
5 1 17
5 1 17
14 0
4 2 1 3
4 2 0 2
5 1 1
2 3 0 4 8
4 2 3 5
4 2 4 6
4 2 5 7
1 2 6 8
0 4 3 7 9 10
1 1 8
2 2 8 11
4 2 10 12
4 2 11 13
5 1 12
18 0
1 1 1
4 3 0 2 7
2 2 1 3
4 2 2 4
4 2 3 5
4 2 4 6
4 1 5
2 2 1 8
6 4 7 9 10 11
1 1 8
1 1 8
4 3 8 12 17
4 2 11 13
4 2 12 14
4 3 13 15 16
4 1 14
4 2 14 17
4 2 11 16
23 0
4 3 1 5 20
4 2 0 2
4 3 1 3 16
4 2 2 4
4 3 3 5 13
4 3 0 4 6
2 3 5 7 10
4 2 6 8
4 2 7 9
4 1 8
4 2 6 11
4 2 10 12
4 1 11
2 3 4 14 15
1 1 13
1 1 13
4 4 2 17 18 19
8 1 16
8 1 16
8 1 16
2 3 0 21 22
1 1 20
1 1 20
19 0
1 1 1
0 4 0 2 4 6
1 2 1 3
4 1 2
1 2 1 5
4 1 4
1 2 1 7
4 3 6 8 10
4 2 7 9
5 1 8
4 3 7 11 17
4 2 10 12
4 3 11 13 14
5 1 12
4 3 12 15 16
5 1 14
4 2 14 17
4 3 10 16 18
5 1 17
11 0
4 2 1 7
4 2 0 2
4 3 1 3 5
1 2 2 4
4 1 3
4 2 2 6
4 3 5 7 9
4 3 0 6 8
2 1 7
1 2 6 10
4 1 9
29 2
4 2 1 14
1 2 0 2
4 3 1 3 4
1 1 2
4 4 2 5 6 10
1 1 4
4 3 4 7 8
4 1 6
1 2 6 9
4 1 8
4 4 4 11 12 13
4 1 10
4 1 10
1 1 10
4 3 0 15 28
4 2 14 16
4 2 15 17
2 3 16 18 28
4 2 17 19
4 2 18 20
4 3 19 21 28
1 2 20 22
4 3 21 23 24
1 1 22
4 3 22 25 26
4 1 24
4 2 24 27
4 1 26
4 3 14 17 20
12 0
4 4 1 2 4 6
7 1 0
4 2 0 3
4 1 2
4 2 0 5
4 1 4
4 3 0 7 8
1 1 6
2 2 6 9
4 3 8 10 11
2 1 9
1 1 9
9 0
2 3 1 3 5
4 2 0 2
4 1 1
4 2 0 4
4 1 3
4 3 0 6 7
6 1 5
6 2 5 8
3 1 7
8 0
4 2 1 6
4 2 0 2
4 3 1 3 4
2 1 2
4 2 2 5
4 2 4 6
4 3 0 5 7
2 1 6
27 0
4 2 1 6
4 2 0 2
4 4 1 3 4 11
4 1 2
4 3 2 5 8
4 2 4 6
4 3 0 5 7
1 1 6
4 2 4 9
4 2 8 10
4 3 9 11 19
4 3 2 10 12
4 2 11 13
4 2 12 14
4 4 13 15 16 19
4 1 14
4 3 14 17 20
4 2 16 18
4 2 17 19
4 3 10 14 18
4 3 16 21 22
4 1 20
4 2 20 23
4 2 22 24
4 3 23 25 26
1 1 24
1 1 24
14 0
2 2 1 4
4 3 0 2 3
4 1 1
1 1 1
4 3 0 5 9
4 2 4 6
4 2 5 7
4 3 6 8 10
4 2 7 9
4 2 4 8
4 3 7 11 12
1 1 10
4 2 10 13
5 1 12
8 0
4 2 1 2
5 1 0
4 3 0 3 7
4 2 2 4
4 2 3 5
4 2 4 6
4 2 5 7
2 2 2 6
10 0
2 2 1 2
1 1 0
4 3 0 3 9
4 2 2 4
4 2 3 5
4 3 4 6 8
2 2 5 7
1 1 6
4 2 5 9
4 2 2 8
44 0
5 1 1
4 3 0 2 6
4 2 1 3
4 3 2 4 22
4 2 3 5
4 2 4 6
4 3 1 5 7
2 2 6 8
2 2 7 9
4 3 8 10 13
4 3 9 11 12
4 1 10
1 1 10
4 3 9 14 15
1 1 13
2 2 13 16
4 3 15 17 21
4 2 16 18
4 2 17 19
4 2 18 20
4 2 19 21
4 2 16 20
4 3 3 23 43
4 2 22 24
4 2 23 25
4 3 24 26 41
2 2 25 27
2 2 26 28
4 3 27 29 32
4 3 28 30 31
4 1 29
1 1 29
4 3 28 33 34
1 1 32
2 2 32 35
4 3 34 36 40
4 2 35 37
4 2 36 38
4 2 37 39
4 2 38 40
4 2 35 39
4 3 25 42 43
5 1 41
4 2 22 41
24 2
2 3 1 2 11
4 1 0
4 3 0 3 7
4 2 2 4
4 2 3 5
4 2 4 6
4 2 5 7
4 3 2 6 8
4 3 7 9 10
1 1 8
4 3 8 11 21
4 3 0 10 12
4 3 11 13 19
4 2 12 14
4 2 13 15
4 4 14 16 17 18
4 1 15
4 1 15
1 2 15 19
4 3 12 18 20
4 2 19 21
4 3 10 20 22
1 2 21 23
4 1 22
9 0
4 3 1 2 3
2 1 0
1 1 0
4 3 0 4 8
2 2 3 5
4 2 4 6
4 2 5 7
2 2 6 8
4 2 3 7
15 2
6 2 1 8
4 3 0 2 7
4 2 1 3
4 2 2 4
4 3 3 5 6
2 1 4
4 2 4 7
4 2 1 6
4 3 0 9 14
4 2 8 10
4 2 9 11
4 3 10 12 13
2 1 11
4 2 11 14
4 2 8 13
11 0
4 3 1 2 3
2 1 0
6 1 0
4 3 0 4 10
4 2 3 5
4 2 4 6
2 2 5 7
4 3 6 8 10
4 2 7 9
4 1 8
4 2 3 7
17 0
6 4 1 2 3 10
1 1 0
1 1 0
2 2 0 4
4 3 3 5 6
1 1 4
2 2 4 7
4 2 6 8
4 2 7 9
4 1 8
4 3 0 11 16
4 2 10 12
4 2 11 13
4 3 12 14 15
5 1 13
4 2 13 16
4 2 10 15
11 0
1 1 1
2 3 0 2 3
1 1 1
4 3 1 4 10
4 2 3 5
4 2 4 6
4 3 5 7 8
2 1 6
4 3 6 9 10
2 1 8
4 2 3 8
18 0
4 2 1 7
4 2 0 2
4 3 1 3 4
5 1 2
4 2 2 5
4 3 4 6 7
5 1 5
4 3 0 5 8
1 2 7 9
4 3 8 10 14
4 2 9 11
4 2 10 12
4 3 11 13 15
4 2 12 14
4 2 9 13
2 3 12 16 17
1 1 15
1 1 15
17 0
14 4 1 5 9 13
4 2 0 2
4 2 1 3
4 2 2 4
4 1 3
4 2 0 6
4 2 5 7
4 2 6 8
4 1 7
1 2 0 10
4 3 9 11 12
4 1 10
1 1 10
1 2 0 14
4 3 13 15 16
4 1 14
1 1 14
20 2
4 3 1 2 11
1 1 0
4 3 0 3 7
4 2 2 4
4 2 3 5
4 3 4 6 8
4 2 5 7
4 2 2 6
2 3 5 9 10
4 1 8
4 1 8
4 3 0 12 16
4 2 11 13
4 2 12 14
4 3 13 15 17
4 2 14 16
4 2 11 15
2 3 14 18 19
4 1 17
4 1 17
9 0
2 1 1
4 3 0 2 7
4 2 1 3
4 3 2 4 5
5 1 3
4 2 3 6
4 2 5 7
4 3 1 6 8
4 1 7
8 0
4 2 1 5
4 2 0 2
4 2 1 3
4 2 2 4
4 2 3 5
4 3 0 4 6
4 2 5 7
4 1 6
19 2
4 2 1 10
4 3 0 2 6
4 2 1 3
4 2 2 4
4 3 3 5 7
4 2 4 6
4 2 1 5
2 3 4 8 9
4 1 7
4 1 7
4 3 0 11 15
4 2 10 12
4 2 11 13
4 3 12 14 16
4 2 13 15
4 2 10 14
2 3 13 17 18
4 1 16
4 1 16
21 0
4 2 1 11
4 3 0 2 9
4 3 1 3 4
5 1 2
4 3 2 5 6
5 1 4
4 2 4 7
4 3 6 8 9
5 1 7
4 3 1 7 10
1 1 9
4 3 0 12 19
4 3 11 13 14
5 1 12
4 3 12 15 16
5 1 14
4 2 14 17
4 3 16 18 19
5 1 17
4 3 11 17 20
1 1 19
14 2
4 3 1 2 11
5 1 0
4 3 0 3 4
5 1 2
4 3 2 5 6
5 1 4
4 3 4 7 9
4 2 6 8
2 1 7
4 3 6 10 11
5 1 9
4 3 0 9 12
4 2 11 13
2 1 12
11 0
0 4 1 2 4 6
1 1 0
1 2 0 3
4 1 2
1 2 0 5
4 1 4
1 2 0 7
4 2 6 8
4 3 7 9 10
5 1 8
5 1 8
19 0
4 4 1 2 8 12
5 1 0
4 3 0 3 4
5 1 2
4 3 2 5 6
5 1 4
4 4 4 7 8 11
5 1 6
4 4 0 6 9 10
5 1 8
5 1 8
4 3 6 12 15
4 3 0 11 13
4 3 12 14 18
4 2 13 15
4 3 11 14 16
4 3 15 17 18
1 2 16 18
4 3 13 16 17
23 0
4 2 1 12
4 2 0 2
2 3 1 3 7
4 2 2 4
4 3 3 5 6
1 1 4
1 1 4
4 2 2 8
4 3 7 9 10
1 1 8
1 2 8 11
3 1 10
2 3 0 13 18
4 2 12 14
4 3 13 15 16
1 1 14
1 2 14 17
3 1 16
4 2 12 19
4 3 18 20 21
1 1 19
1 2 19 22
3 1 21
12 0
4 3 1 2 10
5 1 0
4 3 0 3 4
5 1 2
4 3 2 5 6
5 1 4
4 3 4 7 8
5 1 6
4 3 6 9 10
5 1 8
4 3 0 8 11
5 1 10
10 2
4 1 1
4 4 0 2 3 9
4 1 1
4 2 1 4
4 3 3 5 6
4 1 4
4 2 4 7
4 3 6 8 9
1 1 7
4 2 1 7
16 0
6 2 1 12
2 3 0 2 10
4 3 1 3 4
1 1 2
4 3 2 5 9
4 2 4 6
4 2 5 7
4 2 6 8
4 2 7 9
4 3 4 8 10
4 3 1 9 11
1 1 10
4 4 0 13 14 15
5 1 12
5 1 12
5 1 12
20 0
4 2 1 9
4 2 0 2
4 3 1 3 7
2 2 2 4
4 2 3 5
4 2 4 6
1 1 5
4 3 2 8 17
4 2 7 9
4 3 0 8 10
2 3 9 11 14
4 2 10 12
4 2 11 13
1 1 12
4 2 10 15
4 2 14 16
1 1 15
2 3 7 18 19
1 1 17
1 1 17
44 2
4 3 1 7 10
4 2 0 2
4 3 1 3 5
1 2 2 4
4 1 3
4 2 2 6
4 2 5 7
4 3 0 6 8
4 3 7 9 18
4 3 8 10 11
2 2 0 9
4 3 9 12 16
4 2 11 13
4 3 12 14 39
4 3 13 15 19
4 2 14 16
2 3 11 15 17
4 2 16 18
4 2 8 17
4 2 14 20
4 3 19 21 36
1 2 20 22
4 3 21 23 24
1 1 22
4 3 22 25 35
4 2 24 26
4 3 25 27 29
1 2 26 28
4 1 27
4 3 26 30 32
1 2 29 31
4 1 30
4 3 29 33 35
1 2 32 34
4 1 33
4 2 24 32
4 3 20 37 39
1 2 36 38
4 1 37
4 3 13 36 40
4 3 39 41 42
1 1 40
1 2 40 43
4 1 42
19 0
4 3 1 7 14
4 2 0 2
4 3 1 3 4
1 1 2
1 2 2 5
4 2 4 6
4 1 5
6 2 0 8
0 4 7 9 10 12
6 1 8
1 2 8 11
4 1 10
1 2 8 13
4 1 12
4 3 0 15 16
1 1 14
1 2 14 17
4 2 16 18
4 1 17
19 0
4 4 1 2 8 14
5 1 0
4 3 0 3 4
5 1 2
4 4 2 5 6 16
5 1 4
4 3 4 7 13
4 3 6 8 12
4 3 0 7 9
4 3 8 10 13
4 3 9 11 12
1 2 10 12
4 3 7 10 11
4 3 6 9 14
4 4 0 13 15 16
5 1 14
4 4 4 14 17 18
5 1 16
5 1 16
16 0
1 1 1
4 3 0 2 13
2 2 1 3
4 3 2 4 8
4 2 3 5
4 2 4 6
4 2 5 7
4 3 6 8 9
4 2 3 7
4 4 7 10 11 12
8 1 9
8 1 9
8 1 9
2 3 1 14 15
4 1 13
4 1 13
16 2
4 3 1 2 6
1 1 0
2 2 0 3
4 3 2 4 5
4 1 3
4 1 3
4 3 0 7 15
4 2 6 8
4 2 7 9
4 3 8 10 14
4 2 9 11
2 2 10 12
2 2 11 13
4 1 12
4 2 9 15
4 2 6 14
9 0
1 2 1 5
4 3 0 2 3
4 1 1
4 2 1 4
5 1 3
4 3 0 6 7
4 1 5
4 2 5 8
5 1 7
15 2
2 2 1 7
4 3 0 2 6
4 2 1 3
4 2 2 4
4 2 3 5
4 2 4 6
4 2 1 5
4 3 0 8 14
4 2 7 9
4 2 8 10
4 3 9 11 13
2 2 10 12
1 1 11
4 2 10 14
4 2 7 13
19 2
4 2 1 5
4 2 0 2
4 2 1 3
4 2 2 4
4 3 3 5 6
4 2 0 4
4 2 4 7
4 2 6 8
4 2 7 9
1 2 8 10
4 3 9 11 12
1 1 10
4 3 10 13 17
4 2 12 14
4 2 13 15
4 2 14 16
4 2 15 17
4 3 12 16 18
2 1 17
12 2
0 4 1 2 4 6
1 1 0
1 2 0 3
4 1 2
1 2 0 5
4 1 4
2 3 0 7 11
4 2 6 8
4 2 7 9
1 2 8 10
4 2 9 11
4 2 6 10
20 2
1 1 1
4 3 0 2 19
4 3 1 3 9
4 3 2 4 5
2 1 3
4 2 3 6
4 2 5 7
4 3 6 8 9
2 1 7
4 3 2 7 10
4 3 9 11 12
1 1 10
4 3 10 13 19
4 3 12 14 15
2 1 13
4 2 13 16
4 2 15 17
4 3 16 18 19
2 1 17
4 3 1 12 17
13 0
4 3 1 2 3
1 1 0
1 1 0
4 3 0 4 11
2 2 3 5
4 3 4 6 7
5 1 5
4 3 5 8 9
5 1 7
4 3 7 10 11
2 1 9
4 3 3 9 12
5 1 11
19 0
4 4 1 2 8 12
5 1 0
4 3 0 3 4
5 1 2
4 3 2 5 6
5 1 4
4 4 4 7 8 11
5 1 6
4 4 0 6 9 10
5 1 8
5 1 8
4 3 6 12 15
4 3 0 11 13
4 3 12 14 18
4 2 13 15
4 3 11 14 16
4 3 15 17 18
1 2 16 18
4 3 13 16 17
17 2
6 4 1 2 3 10
1 1 0
1 1 0
4 3 0 4 9
4 2 3 5
4 2 4 6
4 3 5 7 8
2 1 6
4 2 6 9
4 2 3 8
4 3 0 11 16
4 2 10 12
4 2 11 13
4 3 12 14 15
2 1 13
4 2 13 16
4 2 10 15
12 0
4 2 1 8
4 3 0 2 3
5 1 1
4 2 1 4
4 3 3 5 6
2 1 4
4 3 4 7 8
5 1 6
4 3 0 6 9
4 3 8 10 11
1 1 9
1 1 9
19 0
4 3 1 7 14
4 2 0 2
4 3 1 3 4
1 1 2
1 2 2 5
4 2 4 6
4 1 5
6 2 0 8
0 4 7 9 10 12
6 1 8
1 2 8 11
4 1 10
1 2 8 13
4 1 12
4 3 0 15 16
1 1 14
1 2 14 17
4 2 16 18
4 1 17
20 2
1 1 1
2 3 0 2 3
1 1 1
4 3 1 4 19
4 3 3 5 6
4 1 4
4 2 4 7
4 2 6 8
4 3 7 9 19
4 3 8 10 11
1 1 9
4 3 9 12 16
4 2 11 13
4 2 12 14
4 2 13 15
4 2 14 16
4 3 11 15 17
4 3 16 18 19
1 1 17
4 3 3 8 17
6 2
4 3 1 2 4
7 1 0
4 2 0 3
7 1 2
4 2 0 5
5 1 4
3 0
4 1 1
4 2 0 2
4 1 1
20 2
0 4 1 2 8 14
1 1 0
1 2 0 3
4 2 2 4
4 3 3 5 6
7 1 4
4 2 4 7
7 1 6
1 2 0 9
4 2 8 10
4 3 9 11 12
7 1 10
4 2 10 13
7 1 12
1 2 0 15
4 2 14 16
4 3 15 17 18
7 1 16
4 2 16 19
7 1 18
17 0
4 2 1 2
4 1 0
4 3 0 3 9
2 2 2 4
4 3 3 5 6
2 1 4
2 2 4 7
4 3 6 8 9
2 1 7
4 3 2 7 10
4 3 9 11 16
4 2 10 12
4 2 11 13
4 3 12 14 15
5 1 13
4 2 13 16
4 2 10 15
19 0
4 2 1 11
4 3 0 2 3
4 1 1
2 3 1 4 10
4 2 3 5
4 3 4 6 7
1 1 5
2 2 5 8
4 3 7 9 10
1 1 8
4 2 3 8
2 3 0 12 18
4 2 11 13
4 3 12 14 15
1 1 13
2 2 13 16
4 3 15 17 18
1 1 16
4 2 11 16
20 0
14 4 1 2 8 14
1 1 0
4 3 0 3 7
4 2 2 4
4 2 3 5
4 2 4 6
4 2 5 7
4 2 2 6
4 3 0 9 13
4 2 8 10
4 2 9 11
4 2 10 12
4 2 11 13
4 2 8 12
4 3 0 15 19
4 2 14 16
4 2 15 17
4 2 16 18
4 2 17 19
4 2 14 18
21 2
4 2 1 7
4 3 0 2 6
4 2 1 3
4 2 2 4
4 2 3 5
4 2 4 6
4 2 1 5
2 3 0 8 11
4 2 7 9
4 2 8 10
5 1 9
4 3 7 12 13
4 1 11
4 2 11 14
1 2 13 15
4 3 14 16 20
4 2 15 17
4 2 16 18
4 2 17 19
4 2 18 20
4 2 15 19
9 2
2 1 1
4 3 0 2 7
4 3 1 3 4
4 1 2
4 2 2 5
4 2 4 6
4 2 5 7
4 3 1 6 8
4 1 7
18 0
6 4 1 2 3 11
1 1 0
1 1 0
2 2 0 4
4 3 3 5 10
4 3 4 6 7
4 1 5
4 3 5 8 9
4 1 7
2 2 7 10
1 2 4 9
4 3 0 12 17
4 2 11 13
4 2 12 14
4 3 13 15 16
2 1 14
4 2 14 17
4 2 11 16
15 0
1 1 1
4 3 0 2 3
1 1 1
4 3 1 4 5
2 1 3
4 2 3 6
4 3 5 7 14
4 2 6 8
2 2 7 9
4 3 8 10 14
4 2 9 11
4 2 10 12
4 2 11 13
4 2 12 14
4 3 6 9 13
5 0
5 1 1
4 3 0 2 3
5 1 1
4 2 1 4
5 1 3
4 0
4 2 1 2
4 1 0
4 2 0 3
5 1 2
11 0
4 2 1 10
4 2 0 2
4 3 1 3 4
1 1 2
4 3 2 5 9
2 2 4 6
4 2 5 7
4 2 6 8
4 2 7 9
4 3 4 8 10
4 2 0 9
4 0
4 2 1 2
5 1 0
4 2 0 3
1 1 2
7 2
4 2 1 5
4 2 0 2
4 2 1 3
4 2 2 4
4 2 3 5
4 3 0 4 6
2 1 5
16 0
4 2 1 8
4 3 0 2 12
4 2 1 3
4 2 2 4
4 3 3 5 8
1 2 4 6
4 2 5 7
4 1 6
4 3 0 4 9
2 3 8 10 11
1 1 9
1 1 9
2 2 1 13
4 3 12 14 15
1 1 13
4 1 13
8 0
2 2 1 5
2 2 0 2
4 3 1 3 4
2 1 2
6 1 2
4 3 0 6 7
2 1 5
6 1 5
19 0
4 3 1 7 14
4 2 0 2
4 3 1 3 4
1 1 2
1 2 2 5
4 2 4 6
4 1 5
6 2 0 8
0 4 7 9 10 12
1 1 8
1 2 8 11
4 1 10
1 2 8 13
4 1 12
4 3 0 15 16
1 1 14
1 2 14 17
4 2 16 18
4 1 17
13 2
1 1 1
4 3 0 2 3
1 1 1
4 2 1 4
2 3 3 5 9
4 2 4 6
4 3 5 7 8
1 1 6
1 1 6
4 2 4 10
4 3 9 11 12
1 1 10
1 1 10
26 0
1 1 1
4 3 0 2 23
4 3 1 3 7
4 2 2 4
4 2 3 5
4 2 4 6
4 2 5 7
4 3 2 6 8
4 3 7 9 24
4 2 8 10
4 2 9 11
4 3 10 12 25
4 3 11 13 14
1 1 12
4 3 12 15 19
4 2 14 16
4 2 15 17
4 2 16 18
4 2 17 19
4 3 14 18 20
4 3 19 21 25
4 2 20 22
4 2 21 23
4 3 1 22 24
4 3 8 23 25
4 3 11 20 24
19 0
1 2 1 11
4 3 0 2 7
4 2 1 3
4 3 2 4 5
4 1 3
2 2 3 6
4 3 5 7 8
2 2 1 6
4 3 6 9 10
4 1 8
4 1 8
0 4 0 12 13 16
6 1 11
1 2 11 14
4 2 13 15
4 1 14
1 2 11 17
4 2 16 18
4 1 17
12 0
4 4 1 2 3 5
4 1 0
4 1 0
6 2 0 4
4 1 3
4 2 0 6
2 2 5 7
1 2 6 8
4 3 7 9 10
1 1 8
2 2 8 11
4 1 10
7 2
1 2 1 5
4 2 0 2
4 4 1 3 4 5
4 1 2
4 1 2
4 3 0 2 6
1 1 5
4 0
5 1 1
4 3 0 2 3
7 1 1
7 1 1
14 0
4 2 1 9
4 2 0 2
4 3 1 3 7
2 2 2 4
4 2 3 5
4 2 4 6
1 1 5
4 3 2 8 11
4 2 7 9
4 3 0 8 10
2 1 9
2 3 7 12 13
1 1 11
1 1 11
9 2
4 2 1 5
4 2 0 2
4 2 1 3
4 2 2 4
4 3 3 5 7
4 3 0 4 6
2 1 5
1 2 4 8
4 1 7
4 2
4 2 1 2
7 1 0
4 2 0 3
7 1 2
9 2
4 2 1 7
4 2 0 2
4 3 1 3 4
5 1 2
4 3 2 5 6
2 1 4
4 2 4 7
4 3 0 6 8
2 1 7
10 2
4 2 1 8
4 2 0 2
4 3 1 3 5
1 2 2 4
4 1 3
4 3 2 6 7
2 1 5
4 2 5 8
4 3 0 7 9
2 1 8
11 0
4 1 1
2 3 0 2 3
4 1 1
2 2 1 4
4 3 3 5 6
1 1 4
4 2 4 7
4 2 6 8
4 3 7 9 10
1 1 8
1 1 8
6 2
4 2 1 5
4 2 0 2
4 2 1 3
4 2 2 4
4 2 3 5
4 2 0 4
8 2
4 3 1 2 5
6 1 0
2 2 0 3
4 2 2 4
4 1 3
2 2 0 6
4 2 5 7
4 1 6
14 0
2 2 1 7
4 3 0 2 6
4 2 1 3
4 2 2 4
4 2 3 5
4 2 4 6
4 2 1 5
4 3 0 8 13
4 2 7 9
4 2 8 10
4 3 9 11 12
2 1 10
4 2 10 13
4 2 7 12
8 2
0 4 1 2 4 6
1 1 0
1 2 0 3
4 1 2
1 2 0 5
4 1 4
1 2 0 7
4 1 6
6 2
1 1 1
0 3 0 2 4
1 2 1 3
4 1 2
1 2 1 5
4 1 4
6 2
4 2 1 5
4 2 0 2
1 2 1 3
4 2 2 4
4 2 3 5
1 2 0 4
22 2
4 3 1 8 15
4 3 0 2 7
4 2 1 3
4 2 2 4
4 3 3 5 6
2 1 4
4 2 4 7
4 2 1 6
4 3 0 9 14
4 2 8 10
4 2 9 11
4 3 10 12 13
2 1 11
4 2 11 14
4 2 8 13
4 3 0 16 21
4 2 15 17
4 2 16 18
4 3 17 19 20
2 1 18
4 2 18 21
4 2 15 20
18 0
4 3 1 2 6
1 1 0
1 2 0 3
4 2 2 4
4 2 3 5
4 1 4
4 3 0 7 11
4 2 6 8
4 2 7 9
4 2 8 10
4 2 9 11
4 3 6 10 12
4 3 11 13 14
1 1 12
1 2 12 15
4 2 14 16
4 2 15 17
4 1 16
17 2
1 1 1
4 3 0 2 16
4 3 1 3 7
4 2 2 4
4 2 3 5
4 2 4 6
4 2 5 7
4 3 2 6 8
4 3 7 9 10
1 1 8
4 3 8 11 16
4 2 10 12
4 2 11 13
4 3 12 14 15
2 1 13
4 2 13 16
4 3 1 10 15
12 0
2 1 1
4 3 0 2 11
4 2 1 3
4 2 2 4
4 2 3 5
4 3 4 6 11
4 3 5 7 8
2 1 6
4 2 6 9
4 2 8 10
4 2 9 11
4 3 1 5 10
10 2
1 2 1 2
4 1 0
4 3 0 3 8
4 2 2 4
4 2 3 5
4 3 4 6 7
4 1 5
4 2 5 8
4 3 2 7 9
2 1 8
13 0
1 1 1
4 3 0 2 6
4 2 1 3
4 3 2 4 5
4 1 3
2 2 3 6
2 3 1 5 7
4 3 6 8 12
4 2 7 9
4 2 8 10
4 2 9 11
4 2 10 12
4 2 7 11
10 0
2 2 1 4
4 3 0 2 3
2 1 1
6 1 1
4 3 0 5 9
4 2 4 6
4 2 5 7
4 2 6 8
4 2 7 9
4 2 4 8
16 0
1 1 1
4 3 0 2 4
2 2 1 3
4 1 2
1 2 1 5
4 3 4 6 15
4 2 5 7
4 3 6 8 9
4 1 7
4 3 7 10 13
2 3 9 11 12
4 1 10
4 1 10
4 3 9 14 15
4 1 13
4 2 5 13
14 0
4 2 1 4
4 3 0 2 11
6 2 1 3
4 3 2 4 5
2 2 0 3
2 2 3 6
4 3 5 7 8
1 1 6
2 2 6 9
4 2 8 10
4 1 9
2 3 1 12 13
1 1 11
1 1 11
9 0
4 2 1 7
4 2 0 2
4 3 1 3 4
4 1 2
4 3 2 5 6
5 1 4
4 2 4 7
4 3 0 6 8
2 1 7
16 0
4 4 1 2 3 4
4 1 0
4 1 0
4 1 0
4 3 0 5 10
4 2 4 6
4 3 5 7 8
4 1 6
4 2 6 9
4 3 8 10 12
4 3 4 9 11
1 1 10
4 4 9 13 14 15
4 1 12
4 1 12
4 1 12
13 0
2 3 1 2 3
4 1 0
4 1 0
4 3 0 4 5
6 1 3
6 2 3 6
15 2 5 7
6 2 6 8
4 3 7 9 10
6 1 8
2 3 8 11 12
4 1 10
4 1 10
9 2
1 1 1
2 3 0 2 3
1 1 1
4 3 1 4 8
4 2 3 5
2 2 4 6
4 3 5 7 8
2 1 6
6 2 3 6
13 2
1 1 1
2 3 0 2 3
1 1 1
4 3 1 4 8
4 2 3 5
4 3 4 6 10
4 2 5 7
4 2 6 8
4 3 3 7 9
4 1 8
2 3 5 11 12
1 1 10
1 1 10
4 2
5 1 1
4 2 0 2
4 2 1 3
5 1 2
16 0
2 2 1 10
4 3 0 2 3
6 1 1
2 2 1 4
4 3 3 5 9
4 2 4 6
4 2 5 7
4 2 6 8
4 2 7 9
4 2 4 8
4 3 0 11 15
4 2 10 12
4 2 11 13
4 2 12 14
4 2 13 15
4 2 10 14
11 2
0 4 1 2 5 8
6 1 0
2 3 0 3 4
4 2 2 4
4 2 2 3
2 3 0 6 7
4 2 5 7
4 2 5 6
2 3 0 9 10
4 2 8 10
4 2 8 9
52 0
4 3 1 2 16
1 1 0
4 2 0 3
4 3 2 4 8
4 2 3 5
4 2 4 6
4 3 5 7 9
4 2 6 8
4 2 3 7
2 3 6 10 13
4 2 9 11
4 2 10 12
5 1 11
4 2 9 14
4 2 13 15
5 1 14
1 2 0 17
4 3 16 18 33
4 2 17 19
4 2 18 20
4 3 19 21 33
4 3 20 22 30
4 2 21 23
4 2 22 24
4 3 23 25 29
4 2 24 26
4 3 25 27 35
4 2 26 28
4 2 27 29
4 3 24 28 30
4 3 21 29 31
4 2 30 32
4 2 31 33
4 4 17 20 32 34
4 1 33
1 2 26 36
4 3 35 37 38
1 1 36
4 2 36 39
4 3 38 40 44
4 2 39 41
4 2 40 42
4 3 41 43 45
4 2 42 44
4 2 39 43
2 3 42 46 49
4 2 45 47
4 2 46 48
5 1 47
4 2 45 50
4 2 49 51
5 1 50
10 2
4 1 1
4 3 0 2 3
4 1 1
4 2 1 4
4 3 3 5 6
1 1 4
1 2 4 7
4 2 6 8
4 2 7 9
4 1 8
22 0
4 2 1 5
4 2 0 2
4 3 1 3 9
4 2 2 4
4 2 3 5
4 3 0 4 6
4 3 5 7 8
4 1 6
1 1 6
6 4 2 10 11 12
1 1 9
1 1 9
2 2 9 13
4 3 12 14 15
1 1 13
2 2 13 16
4 3 15 17 21
4 2 16 18
4 2 17 19
4 2 18 20
4 2 19 21
4 2 16 20
8 0
4 2 1 6
4 2 0 2
4 2 1 3
4 2 2 4
4 3 3 5 6
5 1 4
4 3 0 4 7
5 1 6
21 0
6 4 1 2 3 14
1 1 0
1 1 0
2 2 0 4
4 3 3 5 6
1 1 4
2 2 4 7
2 3 6 8 13
4 2 7 9
4 2 8 10
4 2 9 11
4 2 10 12
4 2 11 13
4 2 7 12
4 3 0 15 20
4 2 14 16
4 2 15 17
4 3 16 18 19
4 1 17
4 2 17 20
4 2 14 19
16 2
1 2 1 5
4 2 0 2
4 3 1 3 4
4 2 2 4
1 2 2 3
4 3 0 6 10
4 2 5 7
4 2 6 8
4 2 7 9
4 3 8 10 11
4 2 5 9
1 2 9 12
4 2 11 13
4 3 12 14 15
4 2 13 15
1 2 13 14
16 0
6 1 1
0 4 0 2 4 6
1 2 1 3
4 1 2
1 2 1 5
4 1 4
1 2 1 7
4 3 6 8 12
4 2 7 9
4 2 8 10
4 3 9 11 13
4 2 10 12
4 2 7 11
2 3 10 14 15
1 1 13
1 1 13
7 2
4 3 1 2 4
1 1 0
4 2 0 3
4 1 2
1 2 0 5
4 2 4 6
4 1 5
20 0
4 3 1 2 3
5 1 0
5 1 0
4 3 0 4 12
4 3 3 5 11
4 2 4 6
4 2 5 7
4 3 6 8 10
4 2 7 9
4 1 8
4 2 7 11
4 2 4 10
4 3 3 13 19
4 2 12 14
4 2 13 15
4 3 14 16 18
4 2 15 17
4 1 16
4 2 15 19
4 2 12 18
11 0
4 2 1 10
4 2 0 2
4 2 1 3
4 3 2 4 9
4 3 3 5 6
1 1 4
1 2 4 7
4 3 6 8 9
1 1 7
4 3 3 7 10
4 2 0 9
7 0
4 2 1 3
4 2 0 2
5 1 1
2 4 0 4 5 6
4 1 3
4 1 3
4 1 3
8 2
4 2 1 6
4 2 0 2
4 2 1 3
4 2 2 4
4 3 3 5 6
4 1 4
4 3 0 4 7
2 1 6
10 2
4 2 1 8
4 3 0 2 3
5 1 1
4 2 1 4
4 3 3 5 6
5 1 4
4 3 4 7 8
1 1 6
4 3 0 6 9
5 1 8
14 2
2 2 1 8
2 2 0 2
4 3 1 3 7
4 2 2 4
4 2 3 5
4 2 4 6
4 2 5 7
4 2 2 6
4 3 0 9 13
4 2 8 10
4 2 9 11
4 2 10 12
4 2 11 13
4 2 8 12
12 0
4 3 1 2 3
2 1 0
1 1 0
4 3 0 4 8
4 2 3 5
4 2 4 6
4 2 5 7
4 2 6 8
4 3 3 7 9
4 3 8 10 11
2 1 9
1 1 9
9 2
4 2 1 7
4 2 0 2
4 3 1 3 4
4 1 2
4 3 2 5 6
2 1 4
4 2 4 7
4 3 0 6 8
2 1 7
10 2
4 2 1 8
4 3 0 2 3
2 1 1
4 3 1 4 5
4 1 3
4 2 3 6
4 3 5 7 8
4 1 6
4 3 0 6 9
4 1 8
4 0
4 3 1 2 3
4 1 0
5 1 0
5 1 0
13 0
1 1 1
2 3 0 2 3
1 1 1
4 3 1 4 12
4 2 3 5
4 2 4 6
4 2 5 7
4 3 6 8 12
4 2 7 9
4 2 8 10
4 2 9 11
4 2 10 12
4 3 3 7 11
8 0
4 4 1 2 3 4
5 1 0
5 1 0
5 1 0
4 4 0 5 6 7
5 1 4
5 1 4
5 1 4
5 0
4 3 1 2 3
4 1 0
5 1 0
4 2 0 4
5 1 3
5 2
4 2 1 3
4 2 0 2
5 1 1
4 2 0 4
5 1 3
9 2
2 1 1
4 3 0 2 7
4 2 1 3
4 3 2 4 5
5 1 3
4 2 3 6
4 2 5 7
4 3 1 6 8
2 1 7
4 2
4 1 1
4 3 0 2 3
4 2 1 3
1 2 1 2
14 0
2 3 1 2 3
1 1 0
1 1 0
4 3 0 4 12
4 3 3 5 6
5 1 4
4 3 4 7 8
5 1 6
4 3 6 9 10
5 1 8
4 3 8 11 12
5 1 10
4 3 3 10 13
5 1 12
13 2
2 2 1 6
4 3 0 2 3
1 1 1
2 3 1 4 5
4 1 3
4 1 3
4 3 0 7 12
4 2 6 8
4 2 7 9
4 3 8 10 11
5 1 9
4 2 9 12
4 2 6 11
44 0
4 1 1
4 4 0 2 23 27
4 2 1 3
4 2 2 4
4 3 3 5 22
1 2 4 6
4 3 5 7 8
1 1 6
4 2 6 9
4 3 8 10 14
4 2 9 11
4 2 10 12
4 3 11 13 15
4 2 12 14
4 2 9 13
2 3 12 16 19
4 2 15 17
4 2 16 18
5 1 17
4 2 15 20
4 2 19 21
5 1 20
4 2 4 23
4 3 1 22 24
4 2 23 25
4 2 24 26
4 3 25 27 35
4 3 1 26 28
4 2 27 29
4 2 28 30
4 4 29 31 32 35
4 1 30
4 3 30 33 36
4 2 32 34
4 2 33 35
4 3 26 30 34
4 3 32 37 38
4 1 36
4 2 36 39
4 2 38 40
4 2 39 41
4 3 40 42 43
4 1 41
4 1 41
11 0
4 2 1 6
4 2 0 2
4 3 1 3 4
2 1 2
4 3 2 5 8
4 2 4 6
4 3 0 5 7
2 1 6
2 3 4 9 10
1 1 8
1 1 8
14 0
4 3 1 5 9
4 2 0 2
4 2 1 3
4 2 2 4
4 2 3 5
4 3 0 4 6
4 2 5 7
4 2 6 8
4 2 7 9
4 3 0 8 10
2 2 9 11
4 2 10 12
4 2 11 13
2 1 12
16 0
2 3 1 3 5
4 2 0 2
4 1 1
4 2 0 4
4 1 3
4 3 0 6 7
6 1 5
6 2 5 8
6 2 7 9
4 3 8 10 11
6 1 9
2 3 9 12 14
4 2 11 13
4 1 12
4 2 11 15
4 1 14
9 0
4 1 1
4 3 0 2 7
4 2 1 3
4 3 2 4 5
5 1 3
4 2 3 6
4 2 5 7
4 3 1 6 8
2 1 7
15 2
2 3 1 3 9
2 2 0 2
1 1 1
4 3 0 4 8
4 2 3 5
4 2 4 6
4 2 5 7
4 2 6 8
4 2 3 7
4 3 0 10 14
4 2 9 11
4 2 10 12
4 2 11 13
4 2 12 14
4 2 9 13
4 0
2 1 1
4 2 0 2
2 2 1 3
16 1 2
