83
77 0
-1 1 1
0 3 0 2 3
1 8 1 3 4 5 6 7 8 9
2 3 1 2 9
3 12 2 7 8 10 11 12 13 14 15 16 17 18
4 6 2 8 9 12 14 19
5 4 2 9 14 20
6 4 2 4 11 18
7 9 2 4 5 10 14 15 17 18 21
8 4 2 3 5 6
9 11 4 8 15 16 17 18 22 23 24 25 26
10 4 4 7 16 25
11 7 4 5 14 15 16 23 25
12 4 4 18 27 28
13 11 4 5 6 8 12 15 17 19 25 29 30
14 12 4 8 10 12 14 16 17 18 21 23 30 31
15 12 4 10 11 12 15 17 18 22 23 24 25 26
16 10 4 8 10 14 15 16 18 23 25 31
17 12 4 7 8 10 13 15 16 17 21 23 31 32
18 16 5 14 20 29 33 34 35 36 37 38 39 40 41 42 43 44
19 11 6 19 29 33 34 37 38 41 42 44 45
20 4 8 15 18 23
21 7 10 16 23 24 25 26 46
22 8 10 12 15 16 17 18 21 22
23 4 10 16 22 26
24 8 10 11 12 14 16 17 22 26
25 5 10 16 22 24 25
26 3 13 28 47
27 2 13 27
28 14 14 19 20 33 34 35 36 37 40 41 42 43 44 48
29 3 14 15 49
30 3 15 17 18
31 2 18 50
32 8 19 20 29 35 37 41 42 44
33 6 19 20 29 37 41 43
34 9 19 29 33 36 37 41 42 44 51
35 6 19 29 35 37 39 43
36 11 19 20 29 33 34 35 36 39 42 43 51
37 7 19 20 41 44 45 52 53
38 8 19 36 37 41 43 44 54 55
39 3 19 29 56
40 10 19 20 29 33 34 35 38 39 44 52
41 7 19 20 29 33 35 37 44
42 6 19 29 34 36 37 39
43 12 19 20 29 33 35 38 39 41 42 45 52 57
44 4 20 38 44 53
45 1 22
46 1 27
47 1 29
48 3 30 58 59
49 1 32
50 2 35 37
51 7 38 41 44 53 57 60 61
52 3 38 45 52
53 1 39
54 1 39
55 3 40 59 62
56 4 44 52 60 61
57 1 49
58 2 49 56
59 3 52 57 61
60 3 52 57 60
61 4 56 63 64 65
62 3 62 64 66
63 3 62 63 67
64 2 62 68
65 3 63 69 70
66 1 64
67 3 65 71 72
68 6 66 70 73 74 75 76
69 5 66 69 73 75 76
70 1 68
71 1 68
72 5 69 70 74 75 76
73 2 69 73
74 3 69 70 73
75 3 69 70 73
35 2
76 3 1 2 3
77 3 0 2 3
78 4 0 1 3 4
79 4 0 1 2 5
80 4 2 6 7 8
81 3 3 9 10
82 6 4 7 8 11 12 13
83 5 4 6 8 11 12
84 4 4 6 7 11
85 4 5 14 15 16
86 2 5 17
87 6 6 7 8 12 13 18
88 5 6 7 11 13 18
89 4 6 11 12 18
90 3 9 19 20
91 1 9
92 2 9 21
20 1 10
93 3 11 12 13
94 3 14 22 23
95 4 14 24 25 26
39 2 16 27
59 5 19 23 24 28 29
60 4 19 22 24 29
96 6 20 22 23 26 29 30
97 2 20 31
98 2 20 24
99 2 21 32
51 1 22
56 3 22 23 24
100 2 24 33
101 1 25
102 2 27 34
103 1 30
47 1 32
13 0
104 6 1 2 3 4 5 6
101 5 0 2 3 4 5
97 5 0 1 3 4 5
105 5 0 1 2 4 5
90 6 0 1 2 3 5 7
95 6 0 1 2 3 4 8
106 2 0 9
94 1 4
103 2 5 10
107 2 6 11
100 1 8
108 2 9 12
109 1 11
13 2
104 3 1 2 3
101 7 0 2 4 5 6 7 8
105 3 0 1 5
107 2 0 9
96 2 1 10
97 6 1 2 6 7 8 11
90 4 1 5 7 8
95 4 1 5 6 8
100 5 1 5 6 7 12
106 1 3
98 1 4
81 1 5
103 1 8
15 0
110 4 1 2 3 4
68 5 0 2 4 5 6
111 5 0 1 4 5 6
72 1 0
75 4 0 1 2 6
112 4 1 2 7 8
69 3 1 2 4
113 2 5 9
50 3 5 10 11
114 1 7
34 2 8 12
115 2 8 13
36 1 10
116 2 11 14
117 1 13
21 2
47 1 1
93 3 0 2 3
91 4 1 3 4 5
85 3 1 2 5
102 1 2
92 3 2 3 6
87 3 5 7 8
82 2 6 8
89 5 6 7 9 10 11
118 5 8 12 13 14 15
84 2 8 16
65 1 8
119 4 9 13 14 17
10 6 9 12 14 18 19 20
24 3 9 12 13
25 1 9
80 2 10 19
120 1 12
88 2 13 19
83 3 13 16 18
121 1 13
49 2
110 2 1 2
122 3 0 3 4
123 1 0
124 3 1 4 5
125 3 1 3 6
126 2 3 7
65 2 4 8
127 1 5
69 2 6 9
68 4 8 10 11 12
73 4 9 11 12 13
74 5 9 10 12 14 15
75 3 9 10 11
128 4 10 16 17 18
72 1 11
64 1 11
129 1 13
130 6 13 19 20 21 22 23
131 1 13
132 4 17 21 23 24
111 1 17
133 3 17 19 23
134 2 17 25
135 6 17 19 21 26 27 28
136 2 19 29
137 1 22
47 5 23 27 30 31 32
91 6 23 26 30 31 32 33
41 3 23 34 35
5 2 24 36
102 5 26 27 31 32 33
85 6 26 27 30 32 33 37
92 6 26 27 30 31 33 37
93 6 27 30 31 32 38 39
19 3 28 35 40
28 2 28 34
138 1 29
89 6 31 32 41 42 43 44
88 2 33 39
83 2 33 38
18 3 34 45 46
87 2 37 42
82 3 37 41 43
78 3 37 42 47
139 1 37
33 3 40 46 48
27 2 40 45
84 1 43
140 1 45
62 2
124 2 1 2
122 5 0 2 3 4 5
65 4 0 1 6 7
109 5 1 4 5 8 9
141 4 1 3 5 9
142 6 1 3 4 8 9 10
125 3 2 7 11
64 2 2 6
143 4 3 5 9 12
144 7 3 4 5 8 10 12 13
107 7 5 9 14 15 16 17 18
145 1 6
146 3 8 9 19
81 2 9 15
76 4 10 17 20 21
93 6 10 13 16 18 22 23
106 2 10 15
40 6 10 14 21 24 25 26
147 2 10 15
2 1 12
120 4 14 27 28 29
79 4 14 17 24 30
88 3 15 31 32
91 2 15 33
77 2 17 21
38 2 17 26
43 2 17 25
118 1 20
121 1 20
54 1 20
1 2 21 34
87 3 22 32 35
83 5 22 31 36 37 38
92 2 23 39
7 3 30 40 41
139 4 31 42 43 44
84 4 32 37 38 42
148 4 32 36 38 42
80 4 32 36 37 42
85 1 33
4 3 34 45 46
12 1 34
82 5 35 36 37 38 43
89 3 35 42 44
78 2 35 43
14 4 40 47 48 49
8 1 40
13 1 45
36 6 45 49 50 51 52 53
28 6 45 48 50 51 52 54
19 3 48 49 52
34 5 48 49 53 54 55
41 9 48 49 50 54 56 57 58 59 60
115 3 48 51 55
32 8 49 51 52 55 57 58 60 61
117 4 51 53 54 58
132 5 52 57 59 60 61
149 7 52 54 56 58 59 60 61
116 6 52 54 55 57 60 61
136 3 52 56 57
135 6 52 54 56 57 58 61
133 5 54 56 57 58 60
52 2
124 2 1 2
65 3 0 3 4
48 1 0
68 5 1 5 6 7 8
69 3 1 9 10
112 4 3 6 8 11
113 4 3 5 7 12
72 2 3 6
73 2 3 5
102 3 4 13 14
75 1 4
115 6 5 15 16 17 18 19
114 1 6
47 2 9 20
150 5 9 21 22 23 24
117 10 11 16 17 18 19 25 26 27 28 29
34 11 11 15 17 18 19 25 26 27 28 29 30
36 11 11 15 16 18 19 25 26 27 28 29 30
50 4 11 15 16 17
116 9 11 15 16 17 25 26 27 28 29
79 3 13 31 32
35 1 14
151 1 14
20 5 14 30 31 33 34
18 4 14 30 35 36
67 4 15 16 17 19
32 8 15 16 17 19 27 28 29 37
149 8 15 16 17 19 26 28 29 37
133 9 15 16 17 19 26 27 29 37 38
41 8 15 16 17 19 26 27 28 37
28 5 16 17 23 24 35
7 4 20 23 39 40
56 3 20 41 42
49 1 23
86 1 23
19 2 24 30
152 2 24 43
135 4 26 27 28 29
132 2 28 44
14 1 31
1 1 31
153 2 32 42
60 2 32 41
52 1 36
137 3 38 45 46
154 1 44
134 4 44 47 48 49
11 3 46 48 50
130 4 46 47 49 50
136 2 46 48
22 3 47 48 51
128 1 50
34 2
-1 1 1
0 3 0 2 3
1 3 1 3 4
147 3 1 2 5
8 1 2
112 2 3 6
115 6 5 7 8 9 10 11
34 5 6 9 10 12 13
155 1 6
133 7 6 7 11 12 14 15 16
36 2 6 7
116 6 6 9 12 14 16 17
117 4 7 9 11 14
50 2 7 18
32 6 9 11 12 16 17 19
132 3 9 16 20
149 6 9 11 14 15 17 19
135 4 11 14 16 19
73 4 13 21 22 23
41 3 14 16 17
136 1 15
68 8 18 22 23 24 25 26 27 28
72 7 18 21 23 27 29 30 31
75 4 18 21 22 28
110 4 21 25 27 31
111 2 21 24
65 3 21 27 31
74 6 21 22 24 26 31 32
69 2 21 23
113 2 22 30
114 2 22 29
125 5 22 24 26 27 33
64 1 27
48 1 31
13 0
110 2 1 2
68 4 0 2 3 4
75 2 0 1
111 1 1
73 3 1 5 6
36 4 4 7 8 9
50 3 4 7 9
34 2 5 6
112 2 5 9
115 5 5 6 8 10 11
155 2 9 11
116 3 9 10 12
149 1 11
58 2
22 6 1 2 3 4 5 6
156 1 0
128 2 0 7
11 1 0
157 9 0 5 6 8 9 10 11 12 13
14 10 0 4 6 8 9 10 11 12 14 15
49 6 0 4 5 10 12 16
154 1 2
23 7 4 5 12 15 17 18 19
129 3 4 5 11
13 5 4 5 6 11 14
6 5 4 5 9 10 20
40 9 4 5 6 8 14 18 19 21 22
127 1 4
28 11 5 10 12 22 23 24 25 26 27 28 29
139 4 5 8 17 30
50 8 6 25 26 27 31 32 33 34
10 5 8 15 23 35 36
45 3 8 12 19
60 6 8 12 18 21 22 37
17 3 11 38 39
77 3 12 19 40
43 3 12 14 19
32 10 14 17 25 26 27 28 31 35 41 42
19 4 14 28 29 43
34 7 14 16 23 26 27 31 34
36 9 14 16 23 25 27 28 31 33 34
20 7 14 16 23 25 26 33 34
41 5 14 23 24 26 42
18 4 14 24 43 44
78 2 15 45
117 6 16 23 25 26 34 46
112 1 16
86 4 16 26 27 34
115 6 16 25 26 27 31 33
119 3 17 23 47
121 2 17 48
85 1 19
12 1 20
30 1 20
79 2 21 49
133 1 23
135 3 23 28 50
33 3 24 29 51
98 2 29 52
80 2 30 53
116 1 31
25 1 35
120 1 36
81 1 40
70 1 42
140 2 43 54
96 2 44 55
87 2 45 56
150 1 51
152 2 52 57
82 1 53
52 1 55
65 0
104 5 1 2 3 4 5
46 3 0 4 6
101 8 0 3 4 5 7 8 9 10
97 6 0 2 4 5 8 9
105 4 0 1 2 3
95 4 0 2 3 8
26 1 1
96 3 2 8 10
52 10 2 3 5 7 10 11 12 13 14 15
81 2 2 3
98 4 2 7 8 12
19 4 8 13 15 16
152 4 8 10 13 15
28 7 8 11 12 15 16 17 18
75 6 8 19 20 21 22 23
18 5 8 11 12 13 24
4 5 11 13 25 26 27
137 1 13
14 5 13 28 29 30 31
110 3 14 20 21
68 8 14 19 21 22 23 32 33 34
72 7 14 19 20 22 23 35 36
73 6 14 20 21 23 37 38
74 7 14 20 21 22 32 34 36
33 1 15
70 1 16
7 3 16 27 39
8 3 16 26 39
119 5 18 29 40 41 42
10 7 18 28 30 31 40 43 44
13 3 18 29 45
24 2 18 29
158 3 20 23 46
125 1 20
65 3 20 23 47
159 1 21
64 2 21 23
112 2 22 38
50 4 22 37 48 49
1 3 26 27 50
25 2 28 29
16 4 28 42 51 52
29 2 28 41
15 3 29 51 52
0 3 29 53 54
6 2 30 55
160 1 32
111 1 34
117 2 38 49
34 4 38 48 56 57
2 1 39
3 4 41 43 52 58
9 3 41 43 51
22 2 44 59
161 3 44 60 61
17 1 45
32 2 49 62
36 1 49
61 2 51 63
130 1 53
162 3 54 61 64
163 2 54 60
41 1 56
62 1 58
164 1 60
35 2
104 2 1 2
97 6 0 2 3 4 5 6
105 2 0 1
96 4 1 4 6 7
101 5 1 3 5 6 8
95 2 1 4
98 3 1 3 4
52 3 3 9 10
100 3 4 11 12
33 3 7 13 14
152 1 7
103 4 8 12 15 16
51 5 8 11 16 17 18
19 3 9 14 19
18 2 9 13
94 2 11 20
59 3 11 12 18
60 2 12 18
56 4 12 16 17 21
28 4 13 22 23 24
90 1 15
44 2 18 25
34 5 19 23 26 27 28
36 7 19 22 26 27 28 29 30
41 3 19 31 32
37 1 21
117 5 22 23 29 30 33
20 2 22 23
42 3 22 23 34
116 3 23 26 30
115 4 23 26 29 33
32 1 24
135 1 24
50 2 26 30
35 1 28
28 0
-1 2 1 2
1 3 0 3 4
0 1 0
3 2 1 5
8 2 1 6
10 2 3 7
4 1 4
119 7 5 8 9 10 11 12 13
9 3 7 9 11
55 5 7 8 11 13 14
25 3 7 15 16
16 4 7 8 9 13
130 4 7 13 17 18
30 6 7 9 11 12 14 19
29 3 9 13 20
21 3 10 16 21
15 2 10 15
91 3 12 22 23
136 2 12 24
128 1 13
57 2 14 25
24 2 15 26
102 2 17 23
92 2 17 22
132 1 18
58 2 20 27
118 1 21
129 1 25
12 2
19 2 1 2
33 3 0 3 4
28 2 0 5
42 1 1
18 3 1 6 7
36 2 2 8
52 4 4 7 9 10
98 3 4 6 9
34 2 5 11
96 2 6 7
152 1 6
117 1 8
17 0
32 1 1
41 6 0 2 3 4 5 6
19 2 1 6
34 1 1
149 4 1 5 7 8
133 5 1 4 9 10 11
28 2 1 2
132 3 4 8 12
136 3 4 7 12
117 2 5 10
116 2 5 9
135 1 5
130 4 7 8 13 14
128 1 12
134 3 12 15 16
137 2 14 16
11 2 14 15
58 2
104 8 1 2 3 4 5 6 7 8
101 10 0 2 4 9 10 11 12 13 14 15
97 9 0 1 3 4 5 6 7 8 13
105 3 0 2 6
90 10 0 1 2 9 11 12 15 16 17 18
95 5 0 2 6 7 8
106 5 0 2 3 5 8
44 3 0 2 5
107 4 0 2 5 6
96 10 1 4 10 11 12 13 14 15 19 20
26 4 1 9 12 19
103 7 1 4 9 12 14 15 17
51 11 1 4 9 10 11 13 14 15 17 21 22
52 6 1 2 9 12 14 15
98 9 1 9 11 12 13 15 19 20 23
100 9 1 4 9 11 12 13 14 17 19
94 4 4 17 18 24
59 7 4 11 12 15 16 18 24
56 4 4 16 17 24
46 4 9 10 14 15
65 10 9 14 23 25 26 27 28 29 30 31
159 5 12 32 33 34 35
73 6 12 25 31 33 35 36
74 8 14 20 25 26 27 28 29 31
60 3 16 17 18
68 7 20 22 23 26 27 30 31
55 4 20 23 25 31
72 5 20 23 25 31 37
125 3 20 23 29
64 4 20 23 28 38
69 5 20 25 31 39 40
75 9 20 22 23 25 26 27 30 39 40
117 4 21 33 35 36
112 5 21 22 32 35 36
138 2 21 35
50 8 21 22 32 33 34 36 41 42
34 6 22 32 33 35 43 44
113 2 27 45
165 1 29
110 3 30 31 40
111 3 30 31 39
35 2 35 42
42 2 35 41
5 3 36 44 46
36 4 36 43 47 48
114 1 37
160 1 43
116 2 44 49
115 1 44
149 3 47 50 51
132 2 49 51
136 4 49 50 52 53
134 5 51 53 54 55 56
130 3 51 52 55
137 1 52
128 2 52 53
11 2 52 57
22 1 56
72 2
-1 3 1 2 3
145 7 0 4 5 6 7 8 9
162 1 0
146 2 0 10
126 1 1
102 7 1 9 11 12 13 14 15
152 5 1 7 8 16 17
17 3 1 6 18
98 8 1 6 16 17 19 20 21 22
164 7 1 5 15 23 24 25 26
27 2 3 24
93 8 5 12 15 23 25 27 28 29
91 5 5 11 15 23 25
65 3 5 25 30
139 3 5 27 31
92 7 5 9 11 12 23 24 25
96 3 6 8 17
52 7 6 8 16 20 32 33 34
6 1 7
46 2 8 22
51 4 8 17 32 34
166 3 8 35 36
18 3 8 19 24
47 6 9 11 12 15 24 25
33 8 9 10 15 22 23 25 37 38
85 7 9 11 12 13 15 23 24
163 1 9
87 6 11 14 29 31 39 40
88 2 11 29
83 5 11 27 28 39 41
125 1 13
89 5 14 27 39 40 42
103 3 17 20 34
11 7 17 43 44 45 46 47 48
100 3 17 20 32
31 2 21 49
7 2 21 50
19 1 24
61 1 24
82 5 27 29 31 40 42
80 4 27 31 39 42
148 1 29
84 3 31 39 40
22 2 33 46
137 5 33 46 47 48 51
156 1 33
128 5 33 43 44 47 48
134 5 33 44 46 48 51
130 5 33 44 46 47 51
115 9 35 52 53 54 55 56 57 58 59
2 1 36
132 5 44 47 48 60 61
117 6 49 53 56 57 58 59
34 5 49 52 56 57 59
112 3 49 58 62
154 2 49 62
133 6 49 52 53 57 59 63
36 7 49 52 53 56 59 63 64
50 3 49 52 54
116 5 49 52 53 56 57
149 2 51 61
136 2 51 60
114 4 54 55 65 66
32 3 56 57 64
28 2 57 63
113 3 62 66 67
72 5 62 65 68 69 70
155 1 65
68 2 66 71
73 1 66
75 2 66 71
69 2 68 70
66 2
167 1 1
168 2 0 2
84 3 1 3 4
82 17 2 4 5 6 7 8 9 10 11 12 13 14 15 16 17 18 19
148 15 2 3 5 6 7 8 9 10 11 13 14 15 17 18 20
32 19 3 4 6 7 8 9 14 15 17 18 20 21 22 23 24 25 26 27 28
137 20 3 4 5 7 8 14 15 17 18 20 21 23 25 27 29 30 31 32 33 34
132 19 3 4 5 6 8 9 11 13 14 15 17 18 20 21 22 26 27 28 35
117 20 3 4 5 6 7 9 13 14 15 17 18 20 21 22 23 25 26 27 28 36
87 14 3 4 5 7 8 10 11 13 14 15 16 17 19 37
88 6 3 4 9 11 13 17
24 7 3 4 7 9 10 13 22
89 2 3 16
83 9 3 4 7 8 9 10 11 14 17
134 19 3 4 5 6 7 8 9 13 15 17 18 20 21 23 25 26 27 29 32
136 17 3 4 5 6 7 8 9 14 18 20 21 22 23 25 26 27 28
78 5 3 9 12 17 19
80 13 3 4 5 6 7 8 9 10 13 14 16 19 20
41 17 3 4 5 6 7 8 14 15 20 21 22 23 24 25 26 27 28
139 4 3 9 16 17
130 17 4 5 6 7 8 14 15 17 18 21 23 25 27 29 30 32 38
34 17 5 6 7 8 14 15 18 20 23 25 26 27 30 31 33 34 39
149 9 5 7 8 11 15 18 24 26 28
128 12 5 6 8 14 15 18 20 21 25 27 29 30
133 5 5 18 22 26 28
36 16 5 6 8 14 15 18 20 21 23 26 27 30 31 33 34 39
116 12 5 7 8 14 15 18 21 22 24 25 27 28
115 18 5 6 7 8 14 15 18 20 21 23 25 26 30 33 34 38 40 41
135 8 5 7 8 15 18 22 24 26
22 6 6 14 20 23 32 42
19 8 6 20 21 23 25 27 33 39
151 3 6 21 25
11 5 6 14 20 29 43
28 7 6 21 25 27 30 34 39
20 7 6 21 25 27 33 38 41
64 3 7 36 44
65 4 8 35 44 45
17 2 9 46
154 4 20 27 34 40
38 5 21 25 30 33 47
153 2 27 38
50 2 27 34
163 2 29 48
147 1 32
125 4 35 36 45 49
48 6 36 44 50 51 52 53
6 1 37
5 1 39
162 4 42 54 55 56
98 6 44 52 57 58 59 60
9 1 45
152 2 45 52
52 7 45 49 51 57 58 59 60
127 1 45
-1 4 48 55 56 61
161 3 48 54 62
164 2 48 54
96 4 49 52 58 60
103 5 49 52 57 59 60
51 4 49 52 58 60
100 5 49 52 57 58 59
169 3 54 63 64
2 2 55 65
170 2 61 64
145 2 61 63
0 1 62
17 2
32 4 1 2 3 4
117 4 0 2 5 6
133 4 0 1 7 8
28 2 0 9
41 3 0 9 10
153 3 1 6 11
115 5 1 5 8 12 13
149 2 2 14
116 2 2 6
19 2 3 4
135 1 4
154 1 5
36 2 6 15
1 1 6
136 2 7 16
34 1 12
132 1 14
12 2
68 3 1 2 3
72 2 0 4
74 1 0
115 3 0 5 6
75 1 1
36 3 3 6 7
116 5 3 5 8 9 10
34 2 5 8
117 3 6 7 10
149 3 6 10 11
133 4 6 8 9 11
135 2 9 10
15 2
32 6 1 2 3 4 5 6
149 5 0 2 4 5 7
116 8 0 1 4 5 7 8 9 10
28 4 0 4 6 11
41 6 0 1 2 3 5 7
135 5 0 1 2 4 7
18 3 0 3 12
133 6 1 2 4 5 8 9
117 3 2 7 9
34 4 2 7 8 10
36 3 2 9 13
19 2 3 14
33 1 6
115 1 10
42 1 11
18 2
62 7 1 2 3 4 5 6 7
3 6 0 2 4 6 7 8
9 5 0 1 6 7 9
145 2 0 4
61 5 0 1 3 5 10
63 5 0 4 10 11 12
16 5 0 1 2 7 13
29 5 0 1 2 6 13
15 3 1 14 15
48 1 2
55 2 4 5
6 2 5 12
66 2 5 11
57 2 6 7
23 1 8
25 3 8 16 17
21 1 15
119 1 15
9 2
171 1 1
0 4 0 2 3 4
170 1 1
1 4 1 5 6 7
2 1 1
31 2 3 7
7 2 3 8
147 2 3 5
153 1 6
16 0
76 1 1
40 3 0 2 3
38 3 1 3 4
56 4 1 2 5 6
54 3 2 5 7
121 4 3 4 7 8
60 1 3
120 3 4 5 9
172 1 5
24 4 7 10 11 12
118 1 9
45 4 9 12 13 14
25 2 9 11
173 2 11 14
23 3 11 13 15
15 1 14
10 0
19 3 1 2 3
33 3 0 3 4
41 2 0 5
18 2 0 1
27 1 1
135 2 2 6
149 3 5 7 8
133 1 6
116 2 6 9
36 1 8
12 2
170 4 1 2 3 4
169 3 0 2 4
70 2 0 1
1 3 0 5 6
164 6 0 1 6 7 8 9
7 2 3 6
2 3 3 4 5
162 3 4 10 11
157 1 4
146 1 4
161 1 7
163 1 7
14 2
21 3 1 2 3
173 4 0 2 4 5
45 3 0 1 4
25 1 0
24 5 1 2 6 7 8
83 3 1 9 10
10 2 4 11
118 2 4 12
130 1 4
87 1 5
88 1 5
119 1 6
121 2 7 13
120 1 12
14 0
32 5 1 2 3 4 5
34 3 0 2 6
133 4 0 1 6 7
36 3 0 4 8
28 3 0 3 9
41 2 0 10
117 2 1 2
149 3 2 11 12
115 2 3 11
18 1 4
135 1 5
116 2 7 8
136 2 7 13
132 1 12
46 2
104 7 1 2 3 4 5 6 7
96 10 0 2 3 5 6 7 8 9 10 11
101 9 0 1 3 4 5 6 7 9 11
97 10 0 1 2 4 5 6 7 9 10 11
105 4 0 2 3 6
90 6 0 1 2 3 6 7
95 10 0 1 2 3 4 5 7 9 10 11
98 15 0 1 2 3 5 6 8 9 10 11 12 13 14 15 16
33 6 1 7 10 17 18 19
103 7 1 2 3 6 7 10 11
52 15 1 3 6 7 8 9 13 14 15 16 17 19 20 21 22
100 6 1 2 3 6 7 9
110 6 7 13 15 16 23 24
111 9 7 10 12 16 19 20 24 25 26
51 8 7 10 15 16 21 22 27 28
72 6 7 10 12 14 16 24
75 8 7 10 12 13 14 15 24 26
152 4 8 10 18 29
140 2 8 17
8 8 8 10 13 20 30 31 32 33
4 6 10 13 19 30 31 32
44 5 10 14 22 34 35
56 5 10 14 21 27 28
113 2 12 36
125 4 12 13 15 16
143 1 13
64 2 13 16
59 3 14 22 28
60 3 14 22 27
18 5 17 34 35 37 38
67 3 19 20 32
22 4 19 20 39 40
70 4 19 20 30 41
7 2 19 42
37 3 21 29 35
43 5 21 29 34 43 44
159 1 23
19 2 29 38
28 2 29 37
11 1 31
130 2 31 45
158 1 32
1 1 33
151 1 35
40 1 35
134 1 40
9 2
117 4 1 2 3 4
34 2 0 4
159 1 0
133 3 0 5 6
50 3 0 1 7
149 2 3 8
116 2 3 7
115 2 4 6
135 1 5
28 0
104 1 1
105 3 0 2 3
101 3 1 3 4
97 3 1 2 5
98 3 2 6 7
95 1 3
96 3 4 8 9
100 1 4
33 4 6 10 11 12
52 2 6 11
19 4 8 12 13 14
152 4 8 9 12 15
18 4 8 10 11 13
28 3 10 12 14
42 3 10 13 16
46 2 11 17
35 2 14 18
26 1 15
8 3 16 19 20
4 2 18 21
7 2 18 22
9 2 19 23
1 1 20
3 2 21 24
15 2 23 25
25 2 24 26
24 2 25 27
118 1 26
16 2
104 4 1 2 3 4
101 8 0 2 3 4 5 6 7 8
97 6 0 1 3 4 5 6
105 4 0 1 2 6
95 4 0 1 2 5
90 7 1 2 4 7 8 9 10
81 3 1 2 3
98 7 1 5 8 9 11 12 13
100 8 1 5 7 9 11 12 13 14
103 7 5 7 8 11 12 13 14
174 1 5
96 6 7 8 9 12 13 14
51 6 7 8 9 11 13 14
52 6 7 8 9 11 12 14
59 6 8 9 11 12 13 15
44 1 14
29 0
22 2 1 2
11 2 0 3
130 2 0 3
134 4 1 2 4 5
132 5 3 5 6 7 8
136 3 3 4 7
32 5 4 7 9 10 11
149 6 4 5 6 9 10 11
28 3 4 12 13
133 4 6 7 11 14
41 3 6 7 11
135 4 6 7 9 10
19 2 8 15
18 3 8 15 16
116 4 9 17 18 19
33 4 12 13 16 20
152 3 13 15 20
117 5 14 18 19 21 22
36 4 14 17 19 21
115 4 14 17 18 22
52 3 15 16 23
34 3 17 18 24
50 4 17 19 24 25
44 1 20
20 2 21 22
73 3 22 26 27
113 2 25 27
114 3 25 26 28
159 1 27
20 0
32 4 1 2 3 4
19 4 0 3 4 5
133 3 0 3 6
28 4 0 1 2 5
41 2 0 1
18 7 1 3 7 8 9 10 11
149 2 2 12
33 4 5 9 10 11
35 2 5 13
152 3 5 7 10
52 5 5 7 9 11 14
98 4 5 7 10 14
132 2 6 15
150 1 8
96 3 10 11 16
134 2 12 17
103 2 14 18
136 2 15 19
100 1 16
130 1 17
8 2
-1 1 1
161 4 0 2 3 4
162 3 1 3 4
146 5 1 2 4 5 6
163 4 1 2 3 6
126 2 3 7
164 2 3 4
127 1 5
12 0
21 1 1
15 3 0 2 3
3 2 1 4
10 2 1 5
6 4 2 6 7 8
24 3 3 9 10
12 2 4 11
63 2 4 8
66 2 4 7
173 1 5
45 1 5
26 1 6
11 0
104 2 1 2
101 4 0 3 4 5
105 1 0
97 3 1 4 5
103 4 1 3 6 7
95 2 1 3
90 1 4
100 2 4 8
96 2 7 9
98 2 8 10
52 1 9
8 0
21 2 1 2
126 3 0 2 3
15 4 0 1 4 5
9 1 1
23 1 2
24 3 2 6 7
10 1 5
25 1 5
18 0
104 2 1 2
101 5 0 2 3 4 5
105 4 0 1 3 6
97 4 1 2 4 6
95 3 1 3 7
100 3 1 8 9
106 3 2 3 10
90 3 4 11 12
96 3 5 9 13
98 3 5 8 13
107 1 6
103 1 7
59 4 7 14 15 16
52 2 8 9
51 3 12 16 17
44 2 12 16
56 4 12 14 15 17
60 2 14 16
23 2
22 2 1 2
11 1 0
130 3 0 3 4
134 3 2 5 6
80 4 2 7 8 9
137 2 3 6
132 4 3 5 10 11
82 2 4 12
83 3 4 9 12
148 2 4 8
149 5 6 11 13 14 15
133 7 6 10 14 15 16 17 18
87 2 7 8
136 1 10
41 5 10 11 15 16 19
135 5 10 11 14 16 18
32 5 11 14 15 19 20
117 2 11 21
116 3 11 15 21
19 3 14 16 22
36 1 16
115 2 17 18
28 1 19
10 2
62 2 1 2
61 3 0 2 3
29 5 0 1 4 5 6
3 2 1 7
16 1 2
7 2 2 8
30 1 2
15 2 3 9
1 1 5
9 1 7
44 0
62 4 1 2 3 4
77 3 0 5 6
61 5 0 3 4 5 7
63 7 0 2 4 5 7 8 9
29 8 0 2 3 5 8 9 10 11
55 10 1 2 3 4 8 9 10 11 12 13
95 8 1 14 15 16 17 18 19 20
66 5 2 3 8 9 16
3 9 3 4 5 7 9 10 12 16 18
30 6 3 4 5 7 8 13
9 5 4 5 8 11 12
16 6 4 5 10 12 21 22
15 5 5 8 10 11 21
39 2 5 9
96 6 6 15 17 20 23 24
101 8 6 14 16 17 18 19 20 23
97 6 6 7 8 15 18 23
103 5 6 14 15 20 25
17 5 6 8 15 16 23
131 4 6 15 23 26
100 6 6 14 15 17 25 27
23 6 11 12 22 28 29 30
25 6 11 21 28 29 31 32
6 7 14 15 16 18 19 33 34
98 2 14 35
90 3 17 20 36
93 1 19
59 3 20 37 38
21 6 21 22 29 30 31 32
10 6 21 22 28 30 31 32
45 4 21 28 29 32
119 4 22 28 29 32
24 5 22 28 29 30 31
7 4 23 34 39 40
1 3 23 33 40
44 3 24 37 41
85 1 25
51 2 27 35
56 3 27 42 43
4 2 33 40
8 3 33 34 39
52 1 35
47 1 38
60 1 38
44 0
104 4 1 2 3 4
101 5 0 5 6 7 8
105 3 0 3 9
106 3 0 2 4
107 2 0 3
97 5 1 6 7 10 11
90 6 1 5 7 8 12 13
95 7 1 5 6 10 11 14 15
100 4 1 6 12 16
175 2 2 17
77 4 5 7 11 14
79 3 5 7 10
103 2 6 8
85 3 6 18 19
51 6 7 10 18 20 21 22
154 1 7
96 2 8 23
12 4 9 24 25 26
59 5 13 14 20 21 22
92 1 13
94 4 14 18 21 22
60 4 14 18 20 22
56 4 14 18 20 21
98 1 16
26 1 17
7 2 17 26
1 4 17 25 27 28
6 2 26 29
147 2 26 30
17 3 27 31 32
131 2 28 33
3 5 29 32 34 35 36
29 2 29 31
27 2 30 37
61 2 31 38
15 2 31 36
16 2 31 35
66 4 33 39 40 41
62 1 34
63 3 37 40 41
37 4 37 39 41 42
30 4 37 39 40 43
138 1 40
44 1 41
52 0
104 3 1 2 3
101 6 0 3 4 5 6 7
105 1 0
106 3 0 1 4
97 5 1 3 5 6 8
90 6 1 4 6 9 10 11
95 4 1 4 5 11
100 6 1 12 13 14 15 16
79 2 4 17
59 3 5 11 18
85 2 5 11
56 5 5 6 9 10 18
96 7 7 15 16 19 20 21 22
68 14 7 15 21 22 23 24 25 26 27 28 29 30 31 32
103 2 7 15
51 7 7 12 13 14 16 21 22
98 4 7 12 15 20
47 1 8
60 3 9 11 33
33 5 12 21 22 30 34
16 2 12 16
52 10 12 13 15 19 22 24 25 30 34 35
18 9 12 13 15 19 21 24 30 34 36
110 8 13 25 26 27 28 30 31 32
152 5 13 21 22 30 31
111 10 13 21 23 26 27 28 30 31 32 37
113 10 13 23 25 27 28 31 38 39 40 41
72 11 13 23 25 26 28 30 31 39 40 41 42
73 8 13 23 25 26 27 30 31 32
125 2 13 30
64 13 13 19 21 22 23 24 25 27 28 29 31 43 44
74 14 13 23 24 25 26 27 28 30 32 37 41 42 43 44
75 5 13 23 25 28 31
43 3 18 35 45
19 5 19 21 22 36 46
54 5 21 33 42 45 47
28 3 22 34 46
69 3 25 31 42
124 2 26 39
122 3 26 27 38
155 2 26 27
114 3 26 27 31
151 5 27 31 35 37 44
123 2 30 31
140 4 30 31 42 48
38 2 33 35
41 3 34 36 49
61 3 35 50 51
150 1 44
32 1 46
62 2 47 51
63 2 47 50
11 0
32 8 1 2 3 4 5 6 7 8
117 7 0 2 3 4 5 6 9
34 8 0 1 3 4 5 6 7 9
149 8 0 1 2 4 5 6 7 8
133 9 0 1 2 3 5 6 7 8 10
36 8 0 1 2 3 4 6 7 9
116 8 0 1 2 3 4 5 8 9
41 6 0 2 3 4 5 8
135 5 0 3 4 6 7
115 4 1 2 5 6
69 1 4
15 0
110 2 1 2
111 4 0 2 3 4
72 6 0 1 3 4 5 6
68 7 1 2 4 6 7 8 9
69 4 1 2 3 9
114 2 2 10
73 4 2 3 9 11
99 3 3 12 13
74 2 3 11
75 3 3 4 6
113 1 5
64 3 6 8 14
158 1 7
39 1 7
165 1 11
14 2
104 3 1 2 3
101 7 0 2 3 4 5 6 7
105 2 0 1
98 4 0 1 4 8
96 2 1 3
94 3 1 9 10
103 2 1 7
100 3 1 6 9
52 2 3 11
90 2 5 7
95 2 5 12
51 2 8 13
97 1 10
44 1 11
12 2
110 3 1 2 3
73 3 0 4 5
64 3 0 4 6
75 3 0 7 8
72 4 1 2 5 9
114 3 1 4 10
125 1 2
68 1 3
65 2 3 11
74 1 4
113 1 5
48 1 8
7 2
34 2 1 2
36 2 0 3
50 3 0 4 5
115 2 1 6
112 1 2
20 1 2
116 1 3
47 2
-1 6 1 2 3 4 5 6
162 6 0 2 3 5 6 7
161 6 0 1 5 6 7 8
169 5 0 1 4 6 9
1 9 0 3 6 9 10 11 12 13 14
2 5 0 1 2 6 7
0 6 0 1 2 3 4 5
164 3 1 2 5
146 1 2
176 5 3 4 15 16 17
120 5 4 18 19 20 21
59 5 4 22 23 24 25
153 1 4
20 2 4 26
147 3 4 15 27
171 4 9 14 17 23
177 2 9 17
178 5 9 15 16 22 28
21 6 10 19 20 21 29 30
23 6 10 18 20 29 31 32
119 5 10 18 19 29 33
121 4 10 18 29 34
51 6 11 17 23 25 35 36
52 5 11 15 22 24 37
44 3 11 23 36
100 5 11 22 35 37 38
50 1 13
31 1 14
179 1 17
24 5 18 19 20 21 39
25 2 18 40
173 1 19
45 1 19
118 1 20
15 2 21 41
103 2 22 25
37 2 22 24
96 4 23 25 38 42
98 3 25 37 42
10 1 29
9 3 30 43 44
3 3 34 44 45
101 2 37 38
16 1 40
48 4 40 41 45 46
125 3 41 44 46
65 2 44 45
14 0
96 7 1 2 3 4 5 6 7
101 7 0 2 3 4 7 8 9
97 8 0 1 3 4 7 8 9 10
103 6 0 1 2 4 6 7
95 8 0 1 2 3 7 8 9 10
52 2 0 11
98 3 0 3 7
100 6 0 1 2 3 4 6
105 3 1 2 4
90 4 1 2 4 10
85 3 2 4 9
51 2 5 12
44 2 11 13
56 1 12
11 0
104 4 1 2 3 4
96 7 0 2 4 5 6 7 8
97 6 0 1 4 5 6 7
105 1 0
98 5 0 1 2 6 7
101 3 1 2 6
103 6 1 2 4 5 7 9
95 5 1 2 4 6 10
106 2 1 10
100 1 6
107 2 7 8
14 2
104 1 1
105 3 0 2 3
101 6 1 3 4 5 6 7
97 6 1 2 4 6 8 9
96 4 2 3 7 10
103 2 2 11
95 3 2 3 12
98 2 2 4
90 1 3
85 1 3
52 2 4 13
100 1 5
81 1 6
152 1 10
39 2
110 7 1 2 3 4 5 6 7
68 7 0 5 6 7 8 9 10
111 3 0 6 7
72 7 0 4 6 7 9 11 12
114 10 0 3 6 7 9 11 12 13 14 15
74 3 0 1 7
69 7 0 1 2 3 4 7 12
75 12 0 1 2 3 4 5 6 11 12 13 15 16
55 2 1 9
73 4 1 3 4 8
65 1 1
159 9 3 4 7 12 13 14 15 17 18
113 9 3 4 6 7 11 13 14 15 19
50 7 4 7 11 12 15 16 20
146 4 4 11 12 19
160 9 4 7 11 12 13 17 21 22 23
85 4 7 13 24 25
180 3 11 15 23
155 2 11 19
164 3 12 14 18
153 1 13
117 7 15 22 26 27 28 29 30
34 6 15 21 26 27 30 31
181 2 15 17
90 1 16
92 1 16
32 7 21 22 28 30 32 33 34
154 2 21 22
133 6 21 26 30 32 34 35
89 1 21
36 6 21 22 26 28 31 36
115 2 22 30
116 4 26 28 34 35
41 4 26 34 36 37
135 5 26 28 32 33 35
149 4 28 32 34 38
28 3 30 33 37
19 2 33 36
5 1 35
58 0
-1 2 1 2
123 1 0
161 5 0 3 4 5 6
162 2 2 5
2 5 2 7 8 9 10
163 2 2 3
147 3 2 11 12
9 4 4 13 14 15
33 6 4 9 10 16 17 18
4 4 4 8 10 19
8 3 4 8 9
31 1 6
131 1 6
25 3 7 14 20
16 4 7 13 21 22
58 1 7
19 4 8 18 23 24
96 2 8 19
18 3 8 16 19
98 4 9 17 18 25
21 5 13 26 27 28 29
29 1 14
0 2 14 30
67 1 16
41 4 16 31 32 33
30 1 19
173 6 20 27 34 35 36 37
23 7 20 26 28 35 37 38 39
120 5 20 27 29 37 40
118 4 20 28 37 40
130 1 22
149 5 24 32 33 41 42
133 8 24 31 33 41 42 43 44 45
135 3 24 31 32
76 5 26 35 36 46 47
45 4 26 27 34 46
89 4 26 34 46 48
121 7 26 27 28 29 39 40 47
24 3 27 39 49
15 4 27 37 38 50
172 3 28 29 37
32 9 31 32 42 43 44 45 51 52 53
116 4 31 32 41 54
117 4 32 41 44 52
34 5 32 41 43 52 53
136 3 32 41 51
78 4 34 35 36 48
54 3 34 37 55
82 4 36 46 56 57
10 1 38
3 1 39
132 2 41 45
36 4 41 43 44 53
28 3 41 44 52
115 1 42
151 1 47
84 1 48
80 1 48
20 0
32 1 1
41 4 0 2 3 4
19 4 1 5 6 7
149 3 1 4 8
135 3 1 3 8
33 3 2 6 9
28 2 2 5
27 1 2
133 2 3 4
18 3 5 10 11
52 3 9 11 12
98 5 9 10 13 14 15
152 1 10
96 3 11 14 15
103 4 11 13 15 16
100 3 11 13 14
51 4 14 17 18 19
59 3 16 18 19
60 3 16 17 19
56 3 16 17 18
18 0
104 3 1 2 3
101 8 0 2 3 4 5 6 7 8
97 7 0 1 3 5 6 7 8
105 5 0 1 2 4 7
96 5 1 3 7 9 10
103 6 1 2 6 7 8 11
90 5 1 2 5 7 8
95 8 1 2 3 4 5 6 8 12
100 5 1 2 5 6 7
98 3 4 10 13
106 2 4 9
51 4 5 12 13 14
56 3 7 11 14
52 4 9 11 15 16
60 3 11 12 17
44 1 13
43 1 13
94 1 14
17 0
110 4 1 2 3 4
124 4 0 3 5 6
178 4 0 3 7 8
111 4 0 1 2 9
69 1 0
173 2 1 10
122 1 1
171 1 2
182 2 2 11
143 3 3 12 13
21 1 5
179 1 8
108 2 9 14
126 2 9 15
106 2 12 16
48 1 13
107 1 14
45 2
62 1 1
3 7 0 2 3 4 5 6 7
9 6 1 7 8 9 10 11
12 8 1 4 5 6 12 13 14 15
6 9 1 3 5 6 12 15 16 17 18
7 7 1 3 4 6 12 16 17
1 6 1 3 4 5 18 19
30 6 1 2 8 11 12 20
55 5 2 7 11 12 21
15 1 2
16 1 2
39 5 2 7 8 12 22
17 8 3 4 5 7 8 11 20 23
175 1 3
27 1 3
43 4 3 4 18 24
153 2 4 5
166 3 4 5 25
147 5 4 6 15 26 27
8 2 6 28
91 2 7 12
29 2 8 29
99 1 11
87 1 12
40 3 15 26 30
79 5 17 26 31 32 33
77 4 18 24 25 32
131 1 18
4 1 19
57 1 21
121 5 24 34 35 36 37
47 2 25 33
95 3 25 26 38
56 2 25 31
173 7 30 35 37 39 40 41 42
119 4 30 34 36 41
10 5 30 35 37 41 42
45 5 30 34 36 41 42
97 3 32 43 44
21 3 34 41 42
118 1 34
24 6 34 35 36 37 39 42
25 5 34 36 37 39 41
101 1 38
90 1 38
14 2
110 1 1
75 3 0 2 3
68 4 1 3 4 5
73 4 1 2 4 6
112 3 2 3 7
72 4 2 7 8 9
64 1 3
50 2 4 5
114 2 5 10
74 2 5 11
113 2 8 12
125 2 9 13
159 1 10
65 1 11
15 2
124 2 1 2
171 5 0 2 3 4 5
111 5 0 1 6 7 8
177 2 1 5
178 2 1 9
176 2 1 3
170 4 2 7 8 10
169 4 2 6 8 11
147 4 2 6 7 10
7 1 4
1 2 6 8
71 2 7 12
161 3 11 13 14
2 2 12 14
163 2 12 13
31 2
22 2 1 2
128 4 0 2 3 4
130 5 0 1 3 4 5
137 7 1 2 4 5 6 7 8
134 4 1 2 3 5
132 10 2 3 4 6 7 8 9 10 11 12
32 9 3 5 7 8 10 11 13 14 15
116 8 3 5 6 8 10 11 13 15
41 8 3 5 6 7 10 11 13 15
87 4 5 16 17 18
149 6 5 6 7 8 11 15
133 7 5 6 7 8 10 13 15
136 2 5 16
117 6 6 7 8 11 14 19
34 4 6 13 19 20
135 5 6 7 8 10 11
82 5 9 12 17 18 21
83 4 9 16 18 21
80 3 9 16 17
36 4 13 14 22 23
50 4 14 23 24 25
88 2 16 17
19 2 19 26
115 3 19 20 25
112 3 20 27 28
153 2 20 23
28 1 22
113 2 24 29
42 2 24 30
114 1 27
155 1 28
71 0
104 3 1 2 3
101 6 0 2 3 4 5 6
97 6 0 1 3 4 5 6
105 4 0 1 2 6
96 7 1 2 6 7 8 9 10
90 4 1 2 6 9
95 5 1 2 3 4 5
52 2 4 11
98 5 4 9 10 11 12
100 6 4 5 8 13 14 15
18 8 4 8 12 16 17 18 19 20
51 3 7 8 21
122 3 8 10 22
103 3 9 14 15
85 7 9 13 15 23 24 25 26
92 6 9 13 14 25 27 28
19 5 10 17 18 20 29
33 3 10 16 30
36 3 10 16 20
84 2 10 31
28 9 10 16 18 28 32 33 34 35 36
60 3 11 37 38
124 3 12 39 40
93 2 14 25
88 3 14 41 42
91 5 14 15 23 43 44
79 3 14 43 45
65 9 15 28 33 40 46 47 48 49 50
165 6 15 20 27 35 36 51
62 3 16 52 53
27 1 17
168 1 19
67 6 20 33 34 48 54 55
32 9 20 27 32 34 35 48 56 57 58
4 6 20 32 33 35 54 59
41 7 20 28 33 34 43 48 58
58 3 20 28 60
94 1 21
56 1 21
72 6 22 46 47 61 62 63
48 5 22 27 47 49 50
82 3 24 42 64
83 3 24 41 65
47 6 25 26 35 44 58 66
102 3 25 43 58
77 1 26
110 9 27 39 47 49 50 62 63 67 68
68 9 27 39 40 46 50 61 62 63 68
123 7 27 32 33 35 50 54 55
125 3 27 40 46
64 7 27 40 46 47 48 55 62
183 1 28
61 1 29
63 1 29
70 4 32 34 48 55
71 4 32 48 50 54
117 2 33 57
133 2 33 56
135 4 33 35 43 44
8 1 34
184 1 36
73 4 39 47 62 63
74 5 39 46 47 50 61
75 6 39 46 47 61 67 68
89 1 41
80 2 42 69
127 1 43
111 3 46 63 68
69 4 46 47 63 67
148 2 65 70
185 1 69
25 0
110 1 1
75 7 0 2 3 4 5 6 7
68 4 1 4 6 8
158 3 1 9 10
72 5 1 2 5 6 8
73 2 1 4
74 3 1 2 4
100 6 1 11 12 13 14 15
65 2 2 4
70 1 3
160 2 3 16
101 3 7 17 18
103 4 7 13 14 15
51 5 7 12 14 15 19
90 3 7 12 13
52 5 7 12 13 20 21
124 1 10
97 2 11 18
95 2 11 17
44 1 13
96 4 15 21 22 23
98 5 15 20 22 23 24
33 3 20 21 24
152 2 20 21
18 2 21 22
18 2
-1 1 1
0 3 0 2 3
22 6 1 4 5 6 7 8
23 3 1 7 8
9 2 2 7
57 1 2
4 3 2 9 10
15 6 2 3 4 8 11 12
25 6 2 3 7 11 12 13
13 1 6
7 2 6 14
21 2 7 8
24 2 7 8
173 2 8 15
20 2 10 16
45 1 13
137 2 14 17
150 1 16
28 2
104 1 1
105 2 0 2
101 3 1 3 4
97 2 2 4
95 4 2 3 5 6
103 6 4 6 7 8 9 10
100 3 4 5 9
96 4 5 8 9 10
51 5 5 7 9 10 11
52 7 5 6 7 8 10 12 13
98 6 5 7 8 9 11 14
44 4 8 10 15 16
1 3 9 13 17
8 4 9 12 17 18
18 5 10 19 20 21 22
60 2 11 16
56 3 11 15 23
4 2 12 13
38 2 13 24
19 3 14 22 25
33 2 14 21
152 2 14 20
28 3 14 19 25
59 1 16
43 1 18
41 4 19 22 26 27
32 1 25
36 1 25
38 2
110 3 1 2 3
33 2 0 4
125 4 0 5 6 7
75 2 0 8
18 2 1 9
61 5 2 7 10 11 12
89 4 2 13 14 15
65 2 2 5
73 1 3
19 3 4 16 17
62 2 5 12
84 4 5 13 14 18
55 2 5 10
78 5 6 11 15 18 19
148 4 6 11 18 20
139 2 6 13
4 4 9 21 22 23
41 8 9 24 25 26 27 28 29 30
80 5 11 13 14 19 31
87 4 13 18 31 32
185 1 14
22 2 16 33
2 3 16 23 34
8 2 16 22
47 2 17 30
32 5 17 27 28 29 30
149 4 17 27 29 30
133 5 17 25 26 29 30
36 4 17 25 29 35
116 6 17 25 26 27 28 30
135 6 17 24 25 26 27 29
82 3 18 19 32
83 2 19 31
11 1 21
161 3 22 36 37
34 1 28
162 2 34 37
163 2 34 36
16 0
110 2 1 2
66 4 0 2 3 4
75 2 0 1
46 2 1 5
6 2 1 6
26 1 3
5 2 4 7
36 2 6 8
28 4 7 9 10 11
32 3 8 12 13
19 4 8 12 14 15
38 1 8
41 3 9 10 13
135 2 9 12
33 2 10 15
18 2 10 14
30 2
67 2 1 2
85 7 0 3 4 5 6 7 8
41 6 0 9 10 11 12 13
102 5 1 4 6 8 9
185 6 1 3 7 8 9 14
93 4 1 6 8 15
91 5 1 3 5 8 15
48 3 1 4 8
92 6 1 3 4 5 6 7
47 4 2 3 4 14
32 5 2 13 16 17 18
19 4 2 19 20 21
36 3 2 16 20
135 4 2 10 17 18
148 6 4 9 15 22 23 24
83 6 5 6 14 23 24 25
34 2 10 12
149 3 10 13 18
133 3 10 13 17
33 2 11 21
28 2 11 12
18 3 11 19 26
82 2 14 24
88 2 14 15
80 3 14 15 22
87 1 15
52 3 21 27 28
96 3 26 28 29
152 2 26 27
98 1 27
27 2
104 2 1 2
101 8 0 2 3 4 5 6 7 8
105 2 0 1
96 7 1 5 7 8 9 10 11
97 4 1 6 12 13
51 9 1 3 7 8 10 11 12 14 15
95 4 1 4 12 13
52 6 1 3 5 10 11 12
100 4 1 3 5 16
33 6 3 10 11 17 18 19
152 6 3 5 7 9 11 19
98 6 3 5 7 9 10 19
59 7 4 5 6 7 13 15 20
90 4 4 6 12 21
44 1 5
56 4 5 12 22 23
103 1 8
19 3 9 18 19
27 3 9 17 19
18 6 9 10 11 17 18 24
77 3 12 25 26
94 2 13 22
60 3 15 21 23
43 2 15 22
28 1 19
81 2 20 26
79 2 20 25
8 2
67 2 1 2
138 5 0 2 3 4 5
158 3 0 1 4
112 4 1 5 6 7
159 3 1 2 5
160 3 1 3 4
5 1 3
17 1 3
34 0
104 1 1
105 3 0 2 3
106 7 1 3 4 5 6 7 8
107 3 1 2 8
124 4 2 9 10 11
82 4 2 11 12 13
134 6 2 14 15 16 17 18
81 4 2 8 19 20
144 4 2 3 7 16
169 1 4
48 3 4 21 22
139 5 4 5 13 23 24
84 1 5
78 3 5 11 24
180 4 6 15 18 25
181 3 6 14 18
109 3 6 8 17
130 2 6 16
160 4 6 14 15 25
77 1 7
64 4 7 26 27 28
15 2 10 29
127 1 10
87 2 11 30
89 2 11 13
138 2 14 18
125 2 20 27
74 3 20 26 31
142 1 20
3 1 21
83 2 23 32
72 2 27 33
88 1 30
68 1 31
28 0
-1 6 1 2 3 4 5 6
162 5 0 3 5 6 7
120 3 0 8 9
161 4 0 1 6 7
169 4 0 5 10 11
2 10 0 1 4 6 7 10 12 13 14 15
163 5 0 1 3 5 7
146 4 1 3 5 6
119 1 2
121 1 2
1 7 4 5 11 13 14 15 16
147 3 4 10 13
170 1 5
111 6 5 10 11 15 16 17
7 3 5 10 18
186 8 5 10 13 16 17 19 20 21
30 3 10 13 15
129 3 13 15 22
0 1 14
157 1 15
14 4 15 21 23 24
131 4 15 20 23 25
58 1 17
22 4 20 21 25 26
13 2 20 27
11 2 21 23
130 1 23
4 1 24
20 0
108 1 1
175 3 0 2 3
1 5 1 4 5 6 7
0 3 1 6 8
11 2 2 9
7 4 2 6 8 10
2 6 2 3 5 7 8 10
8 4 2 6 10 11
161 4 3 5 6 12
134 2 4 13
4 3 5 6 7
70 1 7
39 4 8 14 15 16
131 2 9 17
99 2 12 15
112 4 12 14 16 18
157 3 12 15 18
137 2 13 19
49 2 15 16
150 1 17
5 0
104 2 1 2
101 2 0 3
105 1 0
95 2 1 4
97 1 3
42 2
110 8 1 2 3 4 5 6 7 8
47 5 0 2 5 9 10
102 2 0 1
68 7 0 4 5 6 7 8 11
111 3 0 3 7
72 6 0 1 3 6 7 12
74 4 0 3 5 13
69 4 0 3 4 5
75 3 0 3 14
52 9 1 10 15 16 17 18 19 20 21
79 8 1 9 17 18 22 23 24 25
65 2 3 13
114 2 5 26
64 2 6 11
73 1 8
46 2 9 27
96 4 9 18 19 21
51 4 9 10 18 28
95 10 9 10 16 17 19 21 22 23 24 25
98 4 9 16 18 21
44 2 9 29
100 8 9 16 18 19 22 23 25 30
101 5 10 18 21 23 25
97 5 10 18 21 22 25
77 4 10 18 25 31
90 8 10 18 21 22 23 24 30 31
113 3 12 32 33
26 1 15
60 2 17 34
37 1 20
103 2 21 25
85 3 24 25 35
159 3 26 33 36
155 2 26 32
56 2 28 37
92 1 31
34 4 32 38 39 40
59 1 34
36 2 36 40
50 1 36
115 3 36 38 41
154 1 40
13 2
-1 1 1
0 3 0 2 3
170 1 1
169 3 1 4 5
171 1 3
51 2 3 6
56 5 5 7 8 9 10
47 2 6 10
181 3 6 10 11
59 1 6
60 3 6 7 8
180 2 8 12
160 1 11
90 0
53 12 1 2 3 4 5 6 7 8 9 10 11 12
159 8 0 4 5 11 13 14 15 16
13 7 0 5 7 9 10 12 17
105 4 0 12 18 19
153 14 0 1 5 7 9 11 13 14 16 20 21 22 23 24
14 9 0 1 2 4 7 9 10 11 12
31 7 0 9 12 17 25 26 27
70 7 0 2 4 5 9 11 12
71 5 0 9 10 12 17
114 11 0 2 4 5 6 7 8 10 11 12 17
73 8 0 2 5 8 9 12 17 28
183 9 0 1 4 5 7 9 16 22 29
165 12 0 2 3 5 6 7 8 9 10 17 26 30
67 7 1 4 14 21 23 29 31
138 8 1 4 13 20 21 23 24 32
155 5 1 33 34 35 36
50 8 1 4 11 21 23 29 31 37
8 9 2 6 8 9 10 12 25 38 39
104 2 3 40
106 2 3 41
137 4 4 14 22 32
117 8 4 13 14 16 23 24 37 42
156 3 4 11 20
128 10 4 13 14 16 21 24 29 31 42 43
154 5 4 14 21 23 42
4 5 6 17 38 39 44
123 6 6 12 30 45 46 47
147 1 6
99 2 10 48
157 5 11 13 16 23 31
110 7 12 26 45 46 48 49 50
22 7 13 16 23 29 43 51 52
131 3 14 20 53
180 1 15
112 3 15 35 36
113 3 15 34 36
186 3 15 34 35
34 2 16 21
178 3 17 25 54
1 2 17 25
175 1 18
81 2 19 55
115 3 21 23 24
130 4 23 31 52 56
2 1 25
122 3 26 30 57
72 4 26 30 47 48
64 2 26 46
75 6 28 30 46 49 50 58
101 6 30 48 50 58 59 60
30 4 30 48 49 61
11 2 31 52
134 3 31 43 51
49 1 32
171 1 38
144 1 41
136 2 43 62
124 2 45 63
51 5 48 49 59 60 64
103 4 49 58 60 65
100 5 49 58 59 64 66
182 3 50 67 68
149 3 56 69 70
108 3 57 71 72
44 3 58 60 66
52 1 59
59 2 60 64
187 1 61
179 1 61
32 6 62 70 73 74 75 76
135 2 62 69
142 5 63 72 77 78 79
107 2 63 71
19 3 69 75 76
181 3 69 76 80
28 3 69 73 76
41 4 69 73 74 75
188 1 71
143 1 71
79 3 71 81 82
27 2 74 83
76 2 79 82
77 2 79 81
96 3 80 84 85
26 5 83 86 87 88 89
98 2 83 87
46 2 84 87
152 3 84 85 86
17 1 84
42 1 84
10 0
32 5 1 2 3 4 5
133 4 0 5 6 7
36 2 0 3
28 4 0 2 4 8
41 4 0 3 5 8
135 3 0 1 4
117 1 1
34 1 1
19 3 3 4 9
18 1 8
17 2
67 1 1
36 5 0 2 3 4 5
19 9 1 4 6 7 8 9 10 11 12
155 3 1 5 13
28 9 1 2 6 7 8 9 10 11 12
115 3 1 3 13
180 6 2 4 7 9 10 11
181 6 2 4 6 9 10 11
13 3 2 4 9
14 7 2 4 6 7 8 10 11
150 7 2 4 6 7 9 11 14
86 6 2 4 6 7 9 10
18 4 2 4 15 16
112 2 3 5
20 1 10
33 1 12
42 1 12
6 2
32 3 1 2 3
149 3 0 3 4
41 1 0
135 4 0 1 4 5
132 3 1 3 5
136 2 3 4
